time,hip_flexion_r,hip_adduction_r,hip_rotation_r,knee_angle_r,ankle_angle_r,subtalar_angle_r,hip_flexion_l,hip_adduction_l,hip_rotation_l,knee_angle_l,ankle_angle_l,subtalar_angle_l
50.255,53.27710651,-4.31409778,-14.23106383,-75.09420524,16.53396692,-2.53948182,12.5823645,-2.19795286,-1.26226962,-13.52385515,-0.9052167,-14.66690156
50.26,53.41056385,-4.24843128,-14.19930935,-74.69795821,16.58957787,-2.49532663,12.51528543,-2.22760795,-1.29244516,-13.54614576,-0.8268394,-14.63353733
50.265,53.53980478,-4.18292945,-14.16925969,-74.28374715,16.6553048,-2.4420118,12.44159215,-2.25846308,-1.33350046,-13.56542528,-0.73521333,-14.59079349
50.27,54.10298489,-4.70730447,-13.68183752,-74.45601825,16.68051309,-2.70521489,12.39931466,-1.63873675,-1.10483222,-13.55382432,-0.56035687,-14.40665472
50.275,54.21450464,-4.63744418,-13.65855039,-74.00781879,16.73525624,-2.62217763,12.32262081,-1.67792475,-1.1277623,-13.58022658,-0.45025044,-14.35073114
50.28,54.34168469,-4.56569994,-13.6163476,-73.55649744,16.77454529,-2.56728768,12.25825963,-1.70556429,-1.15480514,-13.60479716,-0.3714319,-14.34261417
50.285,54.40777009,-4.48874643,-13.59444938,-73.08891968,16.81761063,-2.45330819,12.15557195,-1.75488505,-1.1908276,-13.63774129,-0.20560127,-14.15113741
50.29,54.51939685,-4.41778495,-13.54751841,-72.62836935,16.82987917,-2.38902418,12.09475385,-1.7793618,-1.21470438,-13.66776635,-0.12239859,-14.14387395
50.295,54.59032806,-4.34497563,-13.51835451,-72.15587036,16.84686491,-2.27533323,12.02175737,-1.81939295,-1.22923866,-13.7146949,0.01970685,-14.00662526
50.3,54.65891337,-4.27327293,-13.4750739,-71.68661488,16.84172992,-2.18154074,11.94917176,-1.84805471,-1.25278577,-13.75238246,0.14781609,-13.91921224
50.305,53.61713971,-2.41605553,-13.07896612,-69.48116539,16.90702296,-2.78340256,11.6619226,-3.03128224,-1.90119738,-13.8492285,0.43188296,-13.27134559
50.31,53.65747661,-2.34701231,-13.02975631,-68.99157853,16.88023725,-2.68444346,11.60787359,-3.05665084,-1.91219538,-13.89985008,0.55726364,-13.19530976
50.315,53.70323786,-2.28471484,-12.97157171,-68.51122963,16.82407156,-2.59315831,11.57214598,-3.07037857,-1.917044,-13.95758022,0.66743087,-13.154347
50.32,53.70719211,-2.22517272,-12.9251129,-68.0289271,16.77634539,-2.49551548,11.51352693,-3.08910325,-1.92775048,-14.01246672,0.82754047,-13.01125066
50.325,53.71356237,-2.17168885,-12.87126589,-67.55504683,16.70400134,-2.40341676,11.47405101,-3.09652542,-1.93314495,-14.07985446,0.96486322,-12.92258335
50.33,53.73142082,-2.13175383,-12.80198158,-67.09537435,16.60606698,-2.31313245,11.45325533,-3.08068387,-1.93243504,-14.14640462,1.06217722,-12.91872365
50.335,53.71698957,-2.08866694,-12.76974553,-66.62361099,16.52570734,-2.2150422,11.44316317,-3.09093384,-1.91318778,-14.23848861,1.2402814,-12.77980433
50.34,53.70478634,-2.05443443,-12.69886497,-66.17082722,16.41325595,-2.12983299,11.42696259,-3.06631332,-1.92020541,-14.31486419,1.34759554,-12.75979504
50.345,53.66382648,-2.01505354,-12.67366843,-65.70153015,16.31444398,-2.05569688,11.43046582,-3.07497199,-1.89583068,-14.42007848,1.55102956,-12.58753846
50.35,53.62667586,-1.98602224,-12.60636212,-65.25579634,16.18828359,-1.97755794,11.42788604,-3.04361562,-1.90360269,-14.5172546,1.66464135,-12.56573267
50.355,53.5772461,-1.95481142,-12.55995001,-64.80451803,16.05642727,-1.9090911,11.44474974,-3.02509217,-1.8924689,-14.63138747,1.81894629,-12.5053598
50.36,53.48878634,-1.91450416,-12.54559428,-64.34100955,15.94156042,-1.90682291,11.45826948,-3.03638267,-1.88791883,-14.76139326,2.06582922,-12.22770248
50.365,53.41702139,-1.88180149,-12.51161101,-63.89335268,15.80852507,-1.87735467,11.4878473,-3.02169702,-1.8688324,-14.88663641,2.23731614,-12.14746547
50.37,53.33848261,-1.85863975,-12.46896864,-63.46245853,15.66950863,-1.83810759,11.51924956,-2.99188136,-1.88056338,-15.02310365,2.3832029,-12.11070047
50.375,53.23226603,-1.81687738,-12.45980256,-63.01641629,15.53352919,-1.90773829,11.5606977,-2.99917362,-1.87733883,-15.18133885,2.63043191,-11.84544049
50.38,53.1317754,-1.78452796,-12.44836807,-62.5883598,15.39971263,-1.95235203,11.61274213,-2.99171143,-1.87258345,-15.34339385,2.83148765,-11.71636728
50.385,53.03386953,-1.75698372,-12.42020385,-62.18239813,15.2689081,-1.95879883,11.6596251,-2.96551195,-1.88121104,-15.49711117,3.00619083,-11.678584
50.39,52.91947556,-1.71653438,-12.43401823,-61.76723403,15.13001746,-2.12372811,11.73128318,-2.97903172,-1.87233489,-15.68225488,3.25305855,-11.41152969
50.395,52.80270039,-1.67524134,-12.42993764,-61.37850266,15.00315414,-2.24200518,11.78845651,-2.97799912,-1.88905774,-15.86148,3.48562348,-11.23492246
50.4,52.68695167,-1.63574174,-12.43537317,-61.00750679,14.88238584,-2.38971174,11.85403186,-2.97934277,-1.89820682,-16.04672847,3.71328627,-11.06353167
50.405,52.57234692,-1.59176672,-12.44454996,-60.65661257,14.76678023,-2.56746805,11.9224439,-2.98551951,-1.91614111,-16.23991032,3.94997491,-10.8745697
50.41,52.4647949,-1.54364494,-12.45093678,-60.32758594,14.66885155,-2.75742994,11.99362809,-2.99110552,-1.91737139,-16.42870614,4.1960126,-10.71926614
50.415,52.72252817,-1.92732592,-12.51840232,-60.15321894,14.99389381,-2.67696813,12.39265768,-2.5888942,-2.05121159,-16.66516433,4.47376307,-10.47990435
50.42,52.63061033,-1.89220133,-12.55328874,-59.88227597,14.89579128,-2.9203332,12.47956485,-2.59831244,-2.04276981,-16.86746869,4.69553084,-10.33909606
50.425,52.5369356,-1.8446415,-12.59166699,-59.64208223,14.817245,-3.19568875,12.55699687,-2.6215216,-2.06916721,-17.07610019,4.95340648,-10.13377235
50.43,52.44630234,-1.78348853,-12.6194429,-59.43075689,14.76870512,-3.4830144,12.62326325,-2.65001712,-2.10615748,-17.27736707,5.21214737,-9.91689204
50.435,52.3694574,-1.73964016,-12.66329132,-59.25785569,14.71727186,-3.78240526,12.69796055,-2.67282887,-2.11137523,-17.48401327,5.47289445,-9.74679994
50.44,52.30309173,-1.67562913,-12.6921909,-59.11945075,14.6998924,-4.10343037,12.7624493,-2.70553256,-2.14784018,-17.68323527,5.73433668,-9.53108931
50.445,52.25073996,-1.62165067,-12.73183504,-59.0162477,14.68580906,-4.43249585,12.83223988,-2.73583652,-2.15988891,-17.88247239,5.9903669,-9.35920899
50.45,52.21214777,-1.57189979,-12.77062557,-58.9545764,14.68434382,-4.76146626,12.89723377,-2.76251959,-2.16669607,-18.07744819,6.25198261,-9.20572958
50.455,52.18659948,-1.51571847,-12.79931095,-58.9264485,14.69947629,-5.0965007,12.95738482,-2.7896471,-2.16496022,-18.2657611,6.51261617,-9.05672489
50.46,52.17496223,-1.45972688,-12.82819966,-58.93456736,14.73357061,-5.4355738,13.01394281,-2.81891185,-2.17155775,-18.4475833,6.76756897,-8.91158839
50.465,52.17480088,-1.40280608,-12.85160538,-58.97512361,14.78542477,-5.76828043,13.06384016,-2.84695561,-2.17112196,-18.62000586,7.01762437,-8.78306616
50.47,52.1864016,-1.34551291,-12.87336383,-59.04740198,14.85551841,-6.0916003,13.10667399,-2.87437518,-2.16841628,-18.78193421,7.25759804,-8.67070073
50.475,52.20737412,-1.28802418,-12.88815055,-59.14954119,14.94115123,-6.40410563,13.14111405,-2.90006919,-2.15605505,-18.93376643,7.49219511,-8.57642432
50.48,52.23470875,-1.23116232,-12.89881393,-59.27716732,15.0459321,-6.70144778,13.16527709,-2.92298288,-2.13625462,-19.07300101,7.71776947,-8.50216508
50.485,52.27453677,-1.16718572,-12.90436721,-59.42422995,15.16965839,-6.99477555,13.18698184,-2.95185234,-2.1232619,-19.19845449,7.92579843,-8.4288538
50.49,52.30439844,-1.11634792,-12.9072849,-59.59450359,15.31093981,-7.24439563,13.18328483,-2.96773362,-2.08621827,-19.31020398,8.12941237,-8.40482038
50.495,52.31054137,-1.05206576,-12.90391363,-59.77006285,15.51514927,-7.43058869,13.14173808,-2.99109219,-2.04480543,-19.39172155,8.28086121,-8.43563795
50.5,52.35324653,-1.00550309,-12.89529974,-59.96695223,15.64432494,-7.69026697,13.13218238,-2.99958697,-1.98026372,-19.48762173,8.49509952,-8.39887239
50.505,52.38531919,-0.94387442,-12.88113481,-60.16271683,15.83725573,-7.89212201,13.09928066,-3.0183853,-1.93784182,-19.55367574,8.65048933,-8.40093231
50.51,52.38243408,-0.88703763,-12.86402397,-60.35904781,16.05380152,-8.046428,13.02353176,-3.03059246,-1.87251354,-19.59695826,8.78431783,-8.44478627
50.515,52.37041989,-0.82538872,-12.84687292,-60.54983219,16.28062851,-8.19088453,12.93681126,-3.04868212,-1.81548097,-19.62670751,8.89798244,-8.48942469
50.52,52.34945492,-0.77502487,-12.82554586,-60.73750597,16.51234648,-8.31143579,12.83782859,-3.05540292,-1.73342699,-19.63878023,9.00513537,-8.53808635
50.525,52.30406894,-0.72193822,-12.80651271,-60.91052282,16.7747375,-8.3851496,12.71855594,-3.06701724,-1.6519391,-19.63617735,9.07358498,-8.60940952
50.53,52.25209324,-0.6558118,-12.77558183,-61.06723571,17.02367192,-8.49522099,12.5913301,-3.08429908,-1.59041973,-19.61845442,9.1301833,-8.65353765
50.535,52.13347722,-0.61582475,-12.7632405,-61.20845037,17.32396399,-8.48662003,12.40186253,-3.08941048,-1.49524059,-19.5679128,9.13412938,-8.75271955
50.54,52.00993982,-0.5592326,-12.73394237,-61.3242206,17.61202462,-8.52276235,12.21708697,-3.10148993,-1.40832433,-19.51501037,9.11976242,-8.81321563
50.545,51.84014629,-0.50185517,-12.72068739,-61.41089984,17.9184387,-8.50652044,11.99365331,-3.12400745,-1.33848753,-19.43346284,9.06038879,-8.88759218
50.55,51.64447503,-0.44001215,-12.70503944,-61.46932527,18.21944424,-8.4880747,11.75613324,-3.15149374,-1.27527393,-19.34045055,8.97083274,-8.94377375
50.555,51.39899443,-0.36359632,-12.69178334,-61.48998749,18.52969944,-8.43658623,11.48392319,-3.1946883,-1.21812643,-19.23126732,8.84550859,-9.00128373
50.56,51.15581895,-0.31413461,-12.67458333,-61.49763892,18.82822293,-8.41543172,11.22019008,-3.21550909,-1.16379858,-19.10759533,8.67063483,-9.00252833
50.565,50.87405531,-0.24690315,-12.65352731,-61.46773157,19.13537571,-8.37061971,10.93693924,-3.25182829,-1.11335987,-18.97746946,8.44781801,-8.99350815
50.57,50.50326672,-0.15755302,-12.65557775,-61.38043911,19.44384456,-8.27672767,10.58894729,-3.32172058,-1.09958381,-18.82392809,8.21132878,-9.00521951
50.575,50.13528925,-0.08424402,-12.65064989,-61.27449433,19.73263371,-8.21762537,10.25637989,-3.37858543,-1.09126925,-18.6639413,7.91383998,-8.94881337
50.58,49.89550841,-0.01947552,-12.61115198,-61.1590937,19.97965999,-8.27379472,10.06759741,-3.41434248,-1.10859893,-18.53037346,7.5951058,-8.81932245
50.585,49.33185142,0.06544049,-12.63915859,-60.96865278,20.29041346,-8.07884988,9.57880965,-3.5035943,-1.11765566,-18.32174613,7.1646061,-8.75436026
50.59,49.05386489,0.12803959,-12.60100772,-60.78785175,20.50785426,-8.13522148,9.39721392,-3.54711349,-1.15545601,-18.18374405,6.73909158,-8.55877179
50.595,48.4013592,0.23511249,-12.63425082,-60.51739901,20.77249665,-7.97207725,8.87046581,-3.66554261,-1.19980436,-17.97133494,6.21529971,-8.39010589
50.6,48.09291203,0.29031404,-12.60076411,-60.27744729,20.95816044,-8.02114108,8.70536173,-3.71460324,-1.26750534,-17.83257901,5.67919057,-8.13289748
50.605,47.38931966,0.40801057,-12.63354495,-59.93920064,21.16839367,-7.89816429,8.17867055,-3.84988292,-1.35268783,-17.62672732,5.05992889,-7.8626798
50.61,46.8521422,0.49797183,-12.63743034,-59.60052691,21.31877735,-7.89036988,7.84528968,-3.95439793,-1.44835108,-17.46590323,4.41068031,-7.52365105
50.615,46.36750909,0.55338565,-12.62760914,-59.25591114,21.43313491,-7.87733547,7.5867111,-4.02723491,-1.52771118,-17.3235751,3.6812479,-7.15548709
50.62,45.74902717,0.67485092,-12.63066991,-58.84122842,21.56300507,-7.8743119,7.23463698,-4.16516606,-1.67599779,-17.18238863,2.93968759,-6.77049419
50.625,45.17837902,0.76546383,-12.62665094,-58.41685659,21.64130006,-7.89276157,6.96025299,-4.27814056,-1.80193355,-17.06808911,2.13197113,-6.33762875
50.63,44.60105353,0.85551897,-12.6196302,-57.96522491,21.69194178,-7.92198319,6.71376984,-4.39269933,-1.93146883,-16.97694049,1.27351138,-5.88140608
50.635,44.01766642,0.94565182,-12.61109895,-57.48519434,21.71382935,-7.96598606,6.49925233,-4.51035614,-2.06221268,-16.91318448,0.36822453,-5.4013608
50.64,43.42773456,1.03368777,-12.59844267,-56.97967404,21.70409079,-8.02554809,6.31461972,-4.626596,-2.1921778,-16.87730419,-0.58161954,-4.90659506
50.645,42.83882423,1.11752458,-12.58014654,-56.44965331,21.6633523,-8.10069203,6.16959924,-4.73898304,-2.31380485,-16.87373488,-1.57390167,-4.40280081
50.65,42.23783723,1.20954922,-12.5646025,-55.88773859,21.60295807,-8.17825884,6.0625999,-4.86255605,-2.43283081,-16.91874596,-2.60060716,-3.8902848
50.655,41.66370453,1.26993576,-12.53566047,-55.32078115,21.49871551,-8.28569924,6.02033636,-4.95386496,-2.52488586,-17.01054833,-3.67446147,-3.39313674
50.66,41.04843568,1.36332962,-12.50923182,-54.70478452,21.37716971,-8.41034562,5.9827252,-5.07444434,-2.6262024,-17.1311604,-4.76435112,-2.9056443
50.665,40.44103815,1.45417633,-12.47270674,-54.06451594,21.2341469,-8.54199281,5.99797134,-5.18809598,-2.70433965,-17.29837035,-5.88014795,-2.43848944
50.67,39.83421535,1.5332984,-12.43441121,-53.40507203,21.05943254,-8.68692688,6.06305906,-5.29045028,-2.75968644,-17.52334782,-7.01920874,-1.99837861
50.675,39.24357616,1.58594559,-12.38656666,-52.73816998,20.86306639,-8.84092282,6.18795278,-5.36377485,-2.78924809,-17.80777369,-8.17498452,-1.58847278
50.68,38.61421033,1.6769913,-12.3402363,-52.01863921,20.6363088,-9.02124908,6.32955679,-5.4681675,-2.80809164,-18.14039537,-9.33402487,-1.23380224
50.685,38.01241409,1.72768887,-12.28075243,-51.30224717,20.39851085,-9.20277218,6.54050132,-5.52842509,-2.7977625,-18.53826705,-10.50098208,-0.91195107
50.69,37.37255657,1.81159539,-12.22075967,-50.5371678,20.12210107,-9.40925103,6.76803402,-5.61313432,-2.77375924,-18.98981739,-11.66035768,-0.66578113
50.695,36.75485254,1.86081916,-12.15819383,-49.76920017,19.83828112,-9.62821108,7.06432052,-5.66044763,-2.70577811,-19.51023912,-12.81391889,-0.46895105
50.7,36.13129298,1.90795251,-12.08152135,-48.98137108,19.53965,-9.85209808,7.39832649,-5.69499707,-2.63540149,-20.0921822,-13.95386515,-0.33074519
50.705,35.48815571,1.96578339,-12.01044632,-48.15950209,19.20322376,-10.10474417,7.76697111,-5.73221373,-2.52548251,-20.73890711,-15.07097562,-0.29167622
50.71,34.84916801,2.00522527,-11.92786078,-47.33042369,18.86638822,-10.35617352,8.17889493,-5.74257582,-2.41294352,-21.45010997,-16.16449355,-0.29945296
50.715,34.20475751,2.04415207,-11.83931601,-46.48081085,18.51000709,-10.61735028,8.63018238,-5.74160487,-2.27846302,-22.22612461,-17.22626886,-0.38731733
50.72,33.55137024,2.07903533,-11.75326167,-45.61131204,18.12502076,-10.90299785,9.11826196,-5.72644894,-2.10934042,-23.06905846,-18.24512503,-0.58039546
50.725,32.89744395,2.10450663,-11.6575068,-44.73151877,17.73423157,-11.18979135,9.64146548,-5.69118284,-1.93922278,-23.97435862,-19.22599459,-0.83543248
50.73,32.24227859,2.11875686,-11.55840532,-43.8435499,17.33871748,-11.47612526,10.19892926,-5.63725695,-1.77226388,-24.94284927,-20.16547464,-1.14913043
50.735,31.58499919,2.12929592,-11.45646177,-42.94274721,16.92407012,-11.77220727,10.78909635,-5.56749416,-1.58932523,-25.97226438,-21.04985445,-1.55503461
50.74,30.92619069,2.13222322,-11.35095841,-42.03368131,16.49729463,-12.07467014,11.40895406,-5.47941052,-1.40025514,-27.06200467,-21.8808745,-2.03790641
50.745,30.26818969,2.12634967,-11.24194217,-41.11921786,16.06230037,-12.37733228,12.05604286,-5.37330041,-1.21151803,-28.2071438,-22.64878979,-2.5910423
50.75,29.61001147,2.11154174,-11.12980312,-40.20332814,15.61631731,-12.68607311,12.72813876,-5.24918155,-1.02637123,-29.40732017,-23.35656809,-3.22101758
50.755,28.95600015,2.0835277,-11.01543227,-39.28824619,15.16301664,-12.99824265,13.42343693,-5.10367552,-0.8447998,-30.65716847,-23.995804,-3.92227283
50.76,28.30540784,2.05154116,-10.89771407,-38.37312798,14.70757766,-13.29826,14.13934191,-4.94768068,-0.68032567,-31.95451582,-24.56511747,-4.67202189
50.765,27.6614534,2.00531102,-10.77941719,-37.46388244,14.24706712,-13.59860133,14.87462963,-4.7721713,-0.52727011,-33.29551949,-25.06454113,-5.48334666
50.77,27.02411989,1.9470762,-10.65610818,-36.5635156,13.78510582,-13.89798346,15.62516638,-4.57915147,-0.38789853,-34.67270091,-25.49633267,-6.34656961
50.775,26.39775588,1.87354219,-10.53351588,-35.6706635,13.31599784,-14.19304924,16.39223255,-4.36682554,-0.26195149,-36.08123832,-25.86911069,-7.25398896
50.78,25.77696496,1.7978167,-10.41263688,-34.78525286,12.84927163,-14.47274469,17.17242715,-4.15302873,-0.16042807,-37.52479065,-26.1538615,-8.19892706
50.785,25.16436289,1.71232194,-10.29338431,-33.91001057,12.38431163,-14.74223086,17.96346645,-3.92962957,-0.07779737,-38.99493344,-26.36074457,-9.17743885
50.79,23.58297601,1.73211707,-10.62774417,-32.78038248,11.7860229,-14.77370855,17.99465763,-3.83539042,0.36259052,-40.50834742,-26.49822746,-10.3582248
50.795,23.03470261,1.60761771,-10.52592517,-31.9477305,11.34662262,-15.00026885,18.84481131,-3.568328,0.42317784,-42.02580239,-26.54278083,-11.38255651
50.8,22.47888932,1.48598297,-10.42204657,-31.11958546,10.90027954,-15.22307017,19.6840705,-3.30846967,0.45227258,-43.55127119,-26.5116775,-12.41870218
50.805,21.91169194,1.36514833,-10.33445716,-30.30766208,10.47069929,-15.41585885,20.51166941,-3.05808309,0.46183576,-45.09514093,-26.37619473,-13.43780835
50.81,21.34625987,1.22504027,-10.25874836,-29.49083353,10.02157104,-15.62028038,21.33649292,-2.78951611,0.46870783,-46.62175272,-26.20868347,-14.49175804
50.815,20.7740685,1.0932885,-10.19555916,-28.69503692,9.60652284,-15.78239296,22.15164821,-2.53874672,0.45516655,-48.16574557,-25.91774935,-15.50316562
50.82,20.20805574,0.94021557,-10.14808423,-27.89981868,9.17447369,-15.94651175,22.96342145,-2.27047213,0.42941586,-49.68488437,-25.58015246,-16.53057494
50.825,19.63986226,0.78782523,-10.11371791,-27.1169388,8.77458556,-16.0741831,23.7692614,-2.01222875,0.38925767,-51.20464109,-25.13680949,-17.50783432
50.83,19.07428966,0.64312913,-10.05637673,-26.37281954,8.4236907,-16.1264339,24.55826396,-1.77373564,0.31131403,-52.73041374,-24.54933905,-18.39751843
50.835,18.54288734,0.45670105,-10.07977298,-25.62003394,7.99227761,-16.29114228,25.38644219,-1.48874715,0.2760259,-54.21915374,-24.04563478,-19.40162919
50.84,18.01384286,0.27385973,-10.0742735,-24.90473768,7.61672403,-16.37035936,26.19301023,-1.22129943,0.19652828,-55.70091511,-23.38678644,-20.29176744
50.845,17.49618569,0.08671566,-10.07838428,-24.19894765,7.25482472,-16.43737011,27.00269341,-0.95634733,0.10571468,-57.16013416,-22.65902425,-21.1426591
50.85,16.98343457,-0.10158474,-10.11639783,-23.50969726,6.92964848,-16.47189734,27.81492816,-0.69441003,0.02501856,-58.60595278,-21.8518463,-21.92449735
50.855,16.47262761,-0.30418163,-10.1262562,-22.85393836,6.64891364,-16.43668147,28.59905892,-0.43132647,-0.09627555,-60.01837542,-20.95507007,-22.64352795
50.86,16.0066403,-0.49653649,-10.21791674,-22.18581332,6.31373896,-16.50409815,29.45217865,-0.16897833,-0.16423853,-61.41711815,-20.06000042,-23.34464016
50.865,15.54403432,-0.69903165,-10.28243408,-21.5520048,6.0246991,-16.51137118,30.27966229,0.09186529,-0.26758767,-62.7801363,-19.07929857,-23.97036743
50.87,15.08090365,-0.8994695,-10.35054085,-20.92948169,5.77205108,-16.48452708,31.09565342,0.34336097,-0.3842825,-64.10789992,-18.05147655,-24.5550246
50.875,14.64264935,-1.10103309,-10.44630989,-20.32780113,5.52218871,-16.46302666,31.93197167,0.59844089,-0.48503041,-65.40897564,-16.97460895,-25.05862035
50.88,14.2435489,-1.30769358,-10.57636742,-19.75703477,5.26794698,-16.45610422,32.80174324,0.86509489,-0.55802967,-66.68561509,-15.81464935,-25.40213356
50.885,13.83699112,-1.51137361,-10.69301184,-19.19484456,5.04959973,-16.4193323,33.64753507,1.11989059,-0.65663447,-67.91348447,-14.63018212,-25.71529612
50.89,13.44195152,-1.7107276,-10.82631036,-18.648531,4.85115919,-16.3734406,34.49686304,1.37160546,-0.74944433,-69.10278802,-13.41258295,-25.95430917
50.895,13.05748426,-1.90781934,-10.96750323,-18.11983007,4.67034115,-16.32115962,35.34611094,1.62211855,-0.83944325,-70.24906652,-12.16760199,-26.11746277
50.9,12.68722123,-2.11164212,-11.09326911,-17.61248176,4.49992158,-16.26333005,36.18778093,1.87202858,-0.94747204,-71.3428084,-10.87557818,-26.16545554
50.905,12.32348105,-2.30400628,-11.25203751,-17.11739374,4.34814816,-16.20304704,37.03443222,2.12069938,-1.03169237,-72.39541721,-9.5905209,-26.16768153
50.91,11.96621995,-2.48140461,-11.43493055,-16.63530231,4.2185982,-16.14478955,37.88436988,2.36580193,-1.09326513,-73.40588045,-8.30973329,-26.11688012
50.915,11.62148907,-2.66413732,-11.59799837,-16.17353436,4.09948504,-16.08289837,38.72249812,2.60870859,-1.17499842,-74.35692053,-6.99734824,-25.9525336
50.92,11.28346701,-2.85224619,-11.7370698,-15.73360422,3.99239866,-16.02640723,39.54134513,2.84801399,-1.27763788,-75.24627206,-5.67200239,-25.69530345
50.925,10.95553315,-3.02991756,-11.91056639,-15.30393203,3.88924405,-15.9621605,40.36639266,3.09152176,-1.35309877,-76.08523933,-4.3769461,-25.39084541
50.93,10.63061072,-3.18907069,-12.10500818,-14.88665366,3.81249774,-15.90990867,41.188907,3.33189757,-1.40356234,-76.87621855,-3.10733758,-25.03844113
50.935,10.31583564,-3.36778329,-12.24208359,-14.4964743,3.73773032,-15.85792865,41.9772773,3.56461255,-1.5071113,-77.58967372,-1.81854292,-24.57311724
50.94,10.00676849,-3.52319772,-12.43130138,-14.11208087,3.67837659,-15.80953971,42.77527357,3.80377419,-1.56091087,-78.25689817,-0.59082701,-24.09205593
50.945,9.70511304,-3.6882214,-12.58155199,-13.75040142,3.62713912,-15.7645227,43.54373127,4.03425811,-1.64922604,-78.85182593,0.63323276,-23.5271181
50.95,9.40965883,-3.85464714,-12.71460493,-13.40585127,3.57847536,-15.72549845,44.29053763,4.26051367,-1.74791385,-79.37880701,1.82215471,-22.91222239
50.955,9.12138412,-4.01346706,-12.85902337,-13.07543398,3.54323599,-15.69100421,45.02690924,4.48714148,-1.83550313,-79.84555224,2.96339593,-22.26645704
50.96,8.84030107,-4.16576022,-13.01678302,-12.75739279,3.51964552,-15.6595801,45.75234689,4.71729591,-1.90956072,-80.25054805,4.04913721,-21.59196171
50.965,8.56666721,-4.32642274,-13.14010423,-12.4607158,3.50025979,-15.63230728,46.44542956,4.93719311,-2.01215057,-80.58292051,5.10326592,-20.87511843
50.97,8.30021235,-4.48534317,-13.25943216,-12.17874785,3.48559574,-15.60935273,47.11853789,5.15503426,-2.11574811,-80.84952171,6.09935822,-20.1430336
50.975,8.04192557,-4.64526331,-13.36831658,-11.91299292,3.47689154,-15.58933175,47.76792545,5.36799438,-2.22710611,-81.04946072,7.04384493,-19.39263544
50.98,7.79187097,-4.80619745,-13.46984161,-11.66286303,3.47509102,-15.57219564,48.39377473,5.5776607,-2.34364383,-81.18347017,7.93010086,-18.63524599
50.985,7.55016913,-4.96839156,-13.560492,-11.42839404,3.47744697,-15.55661297,48.99394861,5.78182951,-2.46771784,-81.25214826,8.75991002,-17.87606221
50.99,7.31700724,-5.13105302,-13.64222278,-11.20873488,3.48240565,-15.54152362,49.56821271,5.9799006,-2.59816459,-81.2572321,9.53346012,-17.12151165
50.995,7.09316476,-5.2960682,-13.71689334,-11.00464694,3.49507787,-15.52757528,50.11659193,6.17470321,-2.73361309,-81.19949915,10.24504797,-16.37632895
51,6.87821265,-5.46169743,-13.78388787,-10.81469399,3.51048606,-15.51254608,50.63781304,6.3629089,-2.87501045,-81.08128925,10.90048981,-15.64674589
51.005,6.67186651,-5.62832465,-13.84396095,-10.63811138,3.5301725,-15.49589529,51.13164372,6.5455127,-3.0215154,-80.90455491,11.49910406,-14.93578466
51.01,6.47510407,-5.79572044,-13.89868675,-10.47552222,3.55220957,-15.47649032,51.59758597,6.72181332,-3.17202268,-80.67181908,12.04225758,-14.25057613
51.015,6.28694716,-5.9644834,-13.94792921,-10.32569172,3.58124347,-15.45464401,52.03528892,6.89208389,-3.32685102,-80.38526575,12.52891286,-13.59116117
51.02,6.10704245,-6.13281877,-13.99308471,-10.18811914,3.61258224,-15.42812382,52.44481894,7.05679136,-3.48410179,-80.04825054,12.9647323,-12.96202191
51.025,5.93513751,-6.2995389,-14.0357337,-10.06129745,3.64728447,-15.39632426,52.82609831,7.21395563,-3.64292636,-79.66429987,13.3509225,-12.36546226
51.03,5.77131154,-6.4706268,-14.06737561,-9.93805713,3.68133693,-15.36302894,53.17741253,7.36139978,-3.81671268,-79.22895171,13.66165511,-11.84414876
51.035,5.61318851,-6.62713573,-14.11807777,-9.83755381,3.72684919,-15.31366558,53.50276807,7.50720628,-3.96070643,-78.76700635,13.98435832,-11.27667395
51.04,5.46261659,-6.79051726,-14.15724668,-9.74006915,3.77066414,-15.26214874,53.79999862,7.646981,-4.1195352,-78.26239411,14.23370359,-10.79003543
51.045,5.31730548,-6.94811548,-14.19789879,-9.65054585,3.82016859,-15.20336615,54.06839547,7.77765363,-4.27536707,-77.72402606,14.44440205,-10.33840445
51.05,5.18518571,-7.10793976,-14.22742678,-9.56818625,3.85615063,-15.14991105,54.31492809,7.9053296,-4.432781,-77.15091319,14.58136203,-9.97433998
51.055,5.038269,-7.24892807,-14.2864892,-9.49011254,3.92714678,-15.05921133,54.52230966,8.01765837,-4.57542389,-76.56506265,14.7595954,-9.54259034
51.06,4.90304112,-7.39094273,-14.33722226,-9.4170302,3.98534904,-14.97169876,54.70936505,8.1283042,-4.71753934,-75.9521936,14.86791727,-9.19845358
51.065,4.79196145,-7.53019072,-14.38331274,-9.3540474,4.00789174,-14.91641239,54.89099776,8.24339341,-4.84707828,-75.31783573,14.89761127,-8.95972306
51.07,4.63593833,-7.65287185,-14.44113299,-9.27735094,4.10866566,-14.77763056,55.00475425,8.32232441,-4.98961623,-74.67896901,14.99391998,-8.61609375
51.075,4.51367006,-7.77545222,-14.49717199,-9.21419189,4.1545308,-14.68263529,55.1258242,8.41585632,-5.11023273,-74.02409535,15.00042945,-8.38983032
51.08,4.37731715,-7.88747797,-14.56150971,-9.14832033,4.2227363,-14.55949864,55.21030894,8.49697121,-5.2284258,-73.36460529,15.00569582,-8.16471769
51.085,4.22728293,-7.98595161,-14.64414574,-9.08119637,4.31193646,-14.40432067,55.26287685,8.56993742,-5.33464744,-72.70677533,15.00357245,-7.95792756
51.09,4.08189083,-8.07991139,-14.73084819,-9.02142223,4.39257972,-14.24412122,55.2968123,8.64375418,-5.42728894,-72.04686037,14.97206133,-7.78604332
51.095,3.96819568,-8.15834576,-14.80272403,-8.95877563,4.41485529,-14.1516007,55.34467542,8.70861018,-5.50821759,-71.3905514,14.89339731,-7.65146233
51.1,3.77750955,-8.23429676,-14.9039226,-8.88005631,4.54331844,-13.92082688,55.30264399,8.76069133,-5.59897049,-70.74156015,14.8459188,-7.51324222
51.105,3.667357,-8.27755815,-14.99926921,-8.80032605,4.54774446,-13.84984767,55.33175216,8.80193676,-5.66081203,-70.11076474,14.74211627,-7.40682894
51.11,3.44884047,-8.3448252,-15.10737815,-8.71918172,4.68929875,-13.54845174,55.22902312,8.85391365,-5.73268475,-69.47437402,14.65192212,-7.30695504
51.115,3.3023605,-8.38963771,-15.17632336,-8.6375562,4.73521831,-13.42059692,55.1830509,8.88479615,-5.80137034,-68.85748382,14.52722669,-7.21103595
51.12,3.10668928,-8.42240957,-15.28446012,-8.53952435,4.81925194,-13.21330316,55.08202655,8.90911958,-5.86119467,-68.2561941,14.40368285,-7.13571677
51.125,2.90491843,-8.4419474,-15.41097786,-8.4416962,4.91048475,-12.98618771,54.96644248,8.94001326,-5.89612992,-67.67204515,14.28179048,-7.07789093
51.13,2.71573873,-8.45441282,-15.50219959,-8.33413638,4.96435308,-12.79978726,54.84976245,8.9505608,-5.94637528,-67.10548563,14.1284651,-7.00445766
51.135,2.49744148,-8.45713056,-15.6286224,-8.21957845,5.04363088,-12.57325897,54.69758514,8.96827065,-5.97663136,-66.5556104,13.98908945,-6.95488838
51.14,2.28260711,-8.45061241,-15.74009963,-8.09827661,5.1032679,-12.35602104,54.53863371,8.97606282,-6.00667448,-66.02483665,13.83493258,-6.89909302
51.145,2.12835978,-8.41673646,-15.82816597,-7.9752631,5.08818645,-12.24629892,54.43017348,8.95713904,-6.03104628,-65.52410448,13.66473839,-6.81293011
51.15,1.82809405,-8.41680239,-15.93725621,-7.83189939,5.19877935,-11.95247447,54.16399002,8.96326222,-6.0794269,-65.01703123,13.50734288,-6.78544979
51.155,1.66292068,-8.36637236,-16.03109179,-7.69609684,5.17814073,-11.82826359,54.02858752,8.94210999,-6.08986064,-64.55404855,13.34089755,-6.70764299
51.16,1.34175382,-8.35537713,-16.14110754,-7.53627298,5.27932478,-11.52832239,53.72510378,8.94172183,-6.13899499,-64.08165394,13.18037947,-6.68419421
51.165,1.10588448,-8.31166318,-16.22493494,-7.38150818,5.29525667,-11.32027119,53.49907708,8.9251126,-6.16240485,-63.64067245,13.0083437,-6.62746025
51.17,0.84910405,-8.2687451,-16.31378094,-7.21833929,5.31316148,-11.11615652,53.24211895,8.90410391,-6.19577566,-63.21565959,12.84936501,-6.58317623
51.175,0.57707034,-8.22385173,-16.40435073,-7.04942049,5.33407716,-10.90655555,52.96046889,8.88495248,-6.2300723,-62.80416821,12.69940316,-6.54918042
51.18,0.30534257,-8.17350409,-16.50864755,-6.87336955,5.3458979,-10.68803812,52.67453389,8.8727055,-6.25472749,-62.40753469,12.56432903,-6.52566099
51.185,0.05081307,-8.12176622,-16.54662105,-6.70206065,5.32977791,-10.52757401,52.38373268,8.83656011,-6.30395962,-62.02483166,12.41555842,-6.49114175
51.19,-0.22002498,-8.06575887,-16.60402388,-6.52286482,5.30167312,-10.35120342,52.07232768,8.80866967,-6.34366946,-61.65520829,12.28403058,-6.47514511
51.195,-0.41610545,-7.99441137,-16.66664481,-6.34912211,5.22462243,-10.22804538,51.82778334,8.7747466,-6.37285656,-61.30822312,12.17133501,-6.44824441
51.2,-0.76767704,-7.95965515,-16.69734802,-6.16134417,5.23108614,-10.03830809,51.41066614,8.76182823,-6.43397658,-60.94620334,12.06771797,-6.48916156
51.205,-0.9582335,-7.88357086,-16.74701288,-5.98615154,5.12217859,-9.91194392,51.15363538,8.72584295,-6.4646648,-60.62467005,11.98132343,-6.48527717
51.21,-1.30032058,-7.84819582,-16.76172062,-5.80062733,5.09496754,-9.75875054,50.72646757,8.71592928,-6.52685321,-60.28466445,11.90120579,-6.56294778
51.215,-1.48812928,-7.77316305,-16.79576927,-5.63016832,4.96343618,-9.6410001,50.45205146,8.68405173,-6.55735469,-59.98247732,11.8528744,-6.59288722
51.22,-1.8241068,-7.738047,-16.79228363,-5.45012183,4.89828272,-9.52947782,50.01301596,8.68043666,-6.61501203,-59.66094197,11.79748766,-6.71895234
51.225,-2.07869771,-7.68102663,-16.80076863,-5.27961582,4.77257102,-9.42746859,49.65297474,8.66810717,-6.65159676,-59.36425151,11.76987285,-6.83120117
51.23,-2.32326829,-7.62791774,-16.79615799,-5.11831537,4.62672965,-9.3456576,49.29062913,8.659075,-6.68526532,-59.07424061,11.76110085,-6.96638892
51.235,-2.56738462,-7.57493934,-16.78232272,-4.96187975,4.46752057,-9.28303007,48.9239837,8.65721822,-6.71110546,-58.7919656,11.76542424,-7.12904975
51.24,-2.72838485,-7.51046864,-16.78776263,-4.82139635,4.26475702,-9.19721445,48.63490677,8.64326275,-6.73075786,-58.53352399,11.81999736,-7.25407766
51.245,-3.03357489,-7.47249156,-16.75062589,-4.66939442,4.07777473,-9.20420071,48.19374998,8.66236041,-6.75146793,-58.25559008,11.81661227,-7.53127771
51.25,-3.25024151,-7.41945391,-16.7309347,-4.53822568,3.8440032,-9.17788501,47.83694623,8.67551662,-6.74695409,-57.9995094,11.86387268,-7.77308518
51.255,-3.45833851,-7.37045041,-16.70454748,-4.41747803,3.58460303,-9.16814248,47.48215053,8.69580476,-6.73427474,-57.74867879,11.91755704,-8.03798003
51.26,-3.65229723,-7.31915967,-16.67616453,-4.3097465,3.30081416,-9.1676871,47.13568619,8.71954578,-6.70451105,-57.50702742,11.98884796,-8.32477473
51.265,-3.76192502,-7.26583634,-16.65955377,-4.22919172,3.00019521,-9.08869156,46.86321961,8.73486668,-6.6681795,-57.28083937,12.12460344,-8.52554493
51.27,-4.01075821,-7.22193239,-16.619277,-4.13127953,2.637174,-9.20020065,46.45503635,8.78896592,-6.60009681,-57.03815532,12.1390313,-8.96440035
51.275,-4.15687236,-7.16914746,-16.59553919,-4.06995755,2.26819554,-9.21642914,46.13692162,8.83040799,-6.51401296,-56.81440531,12.23868082,-9.30397287
51.28,-4.23088331,-7.12462035,-16.5776999,-4.03305943,1.89135323,-9.12847925,45.87580735,8.85771193,-6.43948307,-56.59856733,12.39538206,-9.53163426
51.285,-4.4262507,-7.08117823,-16.542535,-3.98102114,1.4019744,-9.28673528,45.49994284,8.93495134,-6.30712975,-56.36344337,12.39180688,-10.04693669
51.29,-4.5344888,-7.03009343,-16.52084417,-3.96490042,0.92329654,-9.31854444,45.19451756,8.98928926,-6.16751882,-56.14499264,12.48050367,-10.43062404
51.295,-4.62540652,-6.97341629,-16.5185048,-3.96097372,0.42052389,-9.33482533,44.90022487,9.049313,-5.99678192,-55.92992972,12.59219643,-10.80679007
51.3,-4.69654999,-6.93614002,-16.49616675,-3.99434562,-0.14630842,-9.37416649,44.59595466,9.11070887,-5.83301054,-55.69975753,12.65053833,-11.21004366
51.305,-4.74444037,-6.88974784,-16.49599074,-4.04278365,-0.73575015,-9.38896303,44.30531289,9.17428401,-5.63498819,-55.47229887,12.73575411,-11.59479398
51.31,-4.77181462,-6.85924902,-16.47274828,-4.10989448,-1.3774409,-9.41671791,44.01065496,9.23976654,-5.43828419,-55.22488932,12.78532797,-11.9988714
51.315,-4.77972689,-6.81042289,-16.49054998,-4.20430867,-2.04172625,-9.40293876,43.72206926,9.30142757,-5.19893212,-54.98537076,12.87254573,-12.36091677
51.32,-4.76241977,-6.77596627,-16.49028591,-4.32412129,-2.75705542,-9.39504115,43.42685223,9.36204144,-4.95985169,-54.72412201,12.93092844,-12.73318859
51.325,-4.72399258,-6.75013321,-16.46726598,-4.46507123,-3.52069988,-9.39321137,43.12461993,9.41932757,-4.71520845,-54.44463823,12.96442406,-13.1124142
51.33,-4.65418093,-6.72667688,-16.46287397,-4.64006652,-4.31676818,-9.36565398,42.82129621,9.47199626,-4.45601517,-54.15140537,13.00736803,-13.46360929
51.335,-4.55577779,-6.70443937,-16.47929529,-4.84731985,-5.14328651,-9.30780668,42.51382417,9.51945569,-4.18153381,-53.84341311,13.06053751,-13.78211305
51.34,-4.43022247,-6.69364704,-16.4771222,-5.08440371,-6.01565746,-9.25098937,42.19419143,9.5595815,-3.90921174,-53.51005113,13.09465741,-14.09758803
51.345,-4.27681543,-6.68948058,-16.43876558,-5.35058289,-6.93294174,-9.20690285,41.86136797,9.58795606,-3.63783995,-53.15087871,13.10544398,-14.41702008
51.35,-4.08834596,-6.69369778,-16.41855916,-5.65532349,-7.8752929,-9.13282964,41.52090984,9.60920605,-3.36340448,-52.76900695,13.12636087,-14.70082658
51.355,-3.86787373,-6.70711973,-16.39153738,-5.99605228,-8.84850227,-9.05009548,41.16747348,9.62065355,-3.09128759,-52.36052522,13.14284077,-14.96578104
51.36,-3.6156555,-6.72840171,-16.38342068,-6.37608256,-9.83677278,-8.93334258,40.80169241,9.62335531,-2.81817449,-51.92817621,13.16815331,-15.19251473
51.365,-3.32894564,-6.75978613,-16.34455424,-6.79554698,-10.85792573,-8.83313981,40.41962186,9.61299402,-2.55691095,-51.46474313,13.17793271,-15.41699065
51.37,-3.00893416,-6.80108186,-16.26525675,-7.24926874,-11.91049272,-8.76255519,40.02242068,9.58917912,-2.30640542,-50.97058492,13.17132396,-15.64363721
51.375,-2.6647073,-6.87064031,-16.22907544,-7.74493518,-12.89585168,-8.50926229,39.60171228,9.57282008,-2.06043655,-50.44292509,13.2221852,-15.75716627
51.38,-2.26647483,-6.91676381,-16.13460436,-8.29138662,-14.02319935,-8.57021607,39.18282772,9.51435999,-1.83297345,-49.89885885,13.17216665,-16.00806965
51.385,-1.84436402,-6.99216578,-16.07461017,-8.88109218,-15.07402141,-8.46231944,38.74049577,9.46306044,-1.61476966,-49.32205802,13.16958486,-16.15698596
51.39,-1.38778315,-7.0757656,-15.96799488,-9.51098544,-16.13518477,-8.40573471,38.28334083,9.40033531,-1.41315868,-48.71429119,13.1552122,-16.31194331
51.395,-0.90100215,-7.16991122,-15.88328943,-10.19196751,-17.17337722,-8.33926958,37.81007877,9.33024147,-1.22493757,-48.08324881,13.1393375,-16.44150323
51.4,-0.38352753,-7.27522496,-15.77357418,-10.91366038,-18.20195862,-8.30658954,37.32272916,9.2572694,-1.04804322,-47.42330519,13.11819563,-16.56826958
51.405,0.16149662,-7.39091357,-15.6712025,-11.68582026,-19.20191158,-8.29096852,36.81905756,9.17701109,-0.88955589,-46.74141618,13.08859199,-16.68127413
51.41,0.72879329,-7.51462745,-15.57683367,-12.50448906,-20.15709875,-8.28901361,36.29968537,9.09475335,-0.7414888,-46.03884983,13.05182877,-16.77802996
51.415,1.32817908,-7.64613728,-15.45889056,-13.36655811,-21.09596452,-8.36323925,35.77414799,9.01307167,-0.60346046,-45.31354883,13.00818098,-16.88849607
51.42,1.94082523,-7.7883426,-15.35769562,-14.2797425,-21.97049253,-8.43034534,35.22467249,8.92657976,-0.48589831,-44.57098063,12.94632019,-16.97035139
51.425,2.57776022,-7.93603953,-15.25070147,-15.23694817,-22.80765796,-8.57233193,34.66965308,8.84406348,-0.37420245,-43.81151771,12.87691044,-17.06191179
51.43,3.23008284,-8.09036077,-15.15010902,-16.2400435,-23.5859109,-8.75627324,34.10178402,8.76304119,-0.27302004,-43.03889188,12.79774438,-17.14845538
51.435,3.89762858,-8.2491657,-15.05286949,-17.2875518,-24.30704704,-9.00140511,33.52455809,8.68536372,-0.17845668,-42.25465146,12.70652155,-17.23656548
51.44,4.57469783,-8.41323747,-14.96164948,-18.37763571,-24.96416708,-9.29522403,32.93550442,8.61240856,-0.08975526,-41.45970739,12.60035065,-17.31923865
51.445,5.25986892,-8.57985924,-14.88103101,-19.50866908,-25.55516063,-9.65028692,32.33823904,8.54359654,-0.00364558,-40.65863511,12.48266102,-17.40248734
51.45,5.94655802,-8.75191931,-14.79482221,-20.67538094,-26.06924,-10.04596652,31.72520131,8.48808586,0.08983069,-39.84199995,12.34792674,-17.47141426
51.455,6.64373643,-8.91774442,-14.72157876,-21.88644543,-26.52241553,-10.54077335,31.11308289,8.42279903,0.16687466,-39.0352739,12.19406149,-17.55716676
51.46,7.34089625,-9.08471603,-14.66692869,-23.13374286,-26.90359889,-11.08428924,30.49539103,8.36387448,0.24665909,-38.22881171,12.03110521,-17.63968453
51.465,8.0433078,-9.24590217,-14.63177027,-24.407323,-27.2456,-11.70691585,29.88429036,8.31410554,0.35443617,-37.42354638,11.86441606,-17.74353239
51.47,8.73219812,-9.41238307,-14.57512511,-25.72583389,-27.4550869,-12.3396307,29.24507616,8.25976519,0.4248487,-36.61556841,11.66767644,-17.80251647
51.475,9.4268773,-9.57189126,-14.53528807,-27.06422717,-27.63476456,-13.07272125,28.6170709,8.2166336,0.52988931,-35.8079121,11.46550812,-17.89031353
51.48,10.10960893,-9.7229367,-14.4886954,-28.43914449,-27.70345139,-13.81959801,27.97688449,8.16161603,0.61090769,-35.01148402,11.23436016,-17.9454292
51.485,10.79026606,-9.86826975,-14.45517996,-29.83472042,-27.72019864,-14.63125108,27.34177938,8.11253792,0.71187775,-34.21944138,11.00044207,-18.01335569
51.49,11.465771,-10.00498887,-14.42442119,-31.25221461,-27.66972021,-15.48372084,26.70779097,8.06141137,0.81878534,-33.43485284,10.75549316,-18.08029665
51.495,12.13475104,-10.13092586,-14.39567586,-32.68841486,-27.54922834,-16.36914074,26.07512192,8.00634103,0.93190163,-32.6577141,10.50000569,-18.14335892
51.5,12.7980543,-10.24760943,-14.3661167,-34.14465996,-27.35651702,-17.26976188,25.44580526,7.94706897,1.04454075,-31.89168192,10.23382565,-18.19533594
51.505,13.45656993,-10.34943828,-14.3356979,-35.61268244,-27.1006262,-18.19343286,24.8216192,7.88076599,1.16558105,-31.13444319,9.9600428,-18.2464942
51.51,14.1106262,-10.43484253,-14.30772122,-37.09359653,-26.7801404,-19.12664323,24.20642625,7.80309829,1.28900013,-30.39429597,9.68055078,-18.29559831
51.515,14.76350919,-10.50211757,-14.27050599,-38.58167754,-26.40365085,-20.06407757,23.60004074,7.71514776,1.41535892,-29.66404184,9.39129201,-18.34291397
51.52,15.41294272,-10.55695517,-14.2285118,-40.07429318,-25.96237182,-20.97802901,22.99933085,7.62114551,1.54527836,-28.93866118,9.09947553,-18.37525459
51.525,16.06217139,-10.59240959,-14.182476,-41.57019041,-25.46711203,-21.87897837,22.41161297,7.51349013,1.67458417,-28.23137565,8.80363958,-18.40701709
51.53,16.71041506,-10.59849678,-14.1328517,-43.06597395,-24.91354607,-22.75376433,21.84148335,7.38330893,1.80249458,-27.54889715,8.50793223,-18.43753334
51.535,17.37054248,-10.56965932,-14.06281855,-44.5446815,-24.332904,-23.62866032,21.29046532,7.23116582,1.93129952,-26.86654492,8.19402264,-18.49822393
51.54,18.01138246,-10.56325162,-14.01133828,-46.03174336,-23.66547747,-24.39021252,20.72878065,7.0978629,2.0681959,-26.19453327,7.91375637,-18.4744793
51.545,18.69016276,-10.49589549,-13.91806542,-47.50737635,-22.9868424,-25.16696046,20.21769894,6.9184633,2.17556317,-25.55297186,7.59484774,-18.53135028
51.55,19.34767329,-10.43432365,-13.84676569,-48.96762706,-22.24338445,-25.8583915,19.69599471,6.74684156,2.30816378,-24.9082955,7.30943985,-18.52529591
51.555,20.04263774,-10.32443132,-13.74065372,-50.41078589,-21.46720775,-26.50340756,19.21939906,6.54026583,2.41369307,-24.28499122,6.99728211,-18.57939203
51.56,20.65149774,-10.18783729,-13.69797469,-51.80708723,-20.65308454,-27.10494671,18.70043156,6.30879062,2.56171663,-23.68834766,6.77948705,-18.50682461
51.565,21.43602442,-10.07132774,-13.52759658,-53.24788804,-19.78023594,-27.57684613,18.29712539,6.1095236,2.62619264,-23.07505793,6.41957539,-18.61632792
51.57,22.05297783,-9.89133328,-13.47932639,-54.59526201,-18.93518982,-28.11489718,17.80922067,5.84761977,2.76545654,-22.50761355,6.20961877,-18.5478512
51.575,22.87963624,-9.74986338,-13.3144007,-55.99776392,-17.91212901,-28.33081905,17.47138212,5.63705183,2.84796776,-21.93331135,5.85406261,-18.69007135
51.58,23.60559163,-9.57552271,-13.17949901,-57.33631631,-16.95856533,-28.64396014,17.05854743,5.3968282,2.92210249,-21.36529955,5.58667757,-18.68152198
51.585,24.36003269,-9.3631851,-13.04815129,-58.64167673,-15.93350714,-28.81641269,16.69712963,5.12830192,2.99730898,-20.83328033,5.32744182,-18.71704836
51.59,25.12383382,-9.15758558,-12.91517376,-59.92300688,-14.88048069,-28.92025346,16.34692095,4.86914083,3.07079826,-20.30967732,5.07108,-18.73917555
51.595,25.89924983,-8.92582119,-12.78129837,-61.16568701,-13.77700754,-28.90235342,16.02240565,4.59129942,3.12905197,-19.80834106,4.82818583,-18.77918307
51.6,26.67536893,-8.6929413,-12.64795065,-62.37397709,-12.66411244,-28.83648438,15.70473581,4.31609948,3.18308245,-19.31677759,4.59563443,-18.80205105
51.605,27.4576407,-8.44076448,-12.51714397,-63.54331375,-11.50556675,-28.64765215,15.41072119,4.02729651,3.22349584,-18.85385703,4.37929371,-18.84023313
51.61,28.24059498,-8.1929078,-12.39348047,-64.6723533,-10.32896495,-28.3932924,15.12352057,3.74440263,3.26257543,-18.39644267,4.17250193,-18.86775786
51.615,29.04369794,-7.94862399,-12.25121975,-65.76677526,-9.15498992,-28.09745832,14.84956433,3.47053776,3.26916365,-17.94059552,3.96721537,-18.87192349
51.62,29.83011517,-7.69258722,-12.13547714,-66.81256789,-7.92011901,-27.64708463,14.59285515,3.18491068,3.28461631,-17.5246294,3.78971382,-18.89979358
51.625,30.62256646,-7.44141,-12.01199265,-67.81566413,-6.69131532,-27.15326965,14.34126319,2.9073077,3.27474965,-17.11122012,3.61722837,-18.91063749
51.63,31.4053127,-7.1966215,-11.9071879,-68.77063132,-5.44392253,-26.57694809,14.0994063,2.63340568,3.26614087,-16.7160898,3.45822473,-18.91570532
51.635,32.19326689,-6.95131151,-11.79108699,-69.68110051,-4.20227509,-25.9382399,13.86733205,2.36396012,3.22481451,-16.33433029,3.31019295,-18.90890551
51.64,32.95705415,-6.72072218,-11.71305767,-70.53674628,-2.93606946,-25.21380627,13.63958142,2.09942104,3.20643165,-15.97330001,3.17161924,-18.89664336
51.645,33.73648701,-6.48377331,-11.59710029,-71.35065886,-1.7093309,-24.45750151,13.42127236,1.84190382,3.11628259,-15.620439,3.051932,-18.86838506
51.65,34.48334584,-6.26765786,-11.52998992,-72.10512863,-0.46175942,-23.62957039,13.20589582,1.5901748,3.06349175,-15.29033089,2.93869988,-18.82997186
51.655,35.22527774,-6.05197871,-11.45432577,-72.80879871,0.75252679,-22.76339618,12.99458341,1.34295174,2.97121005,-14.97222289,2.83844776,-18.7801686
51.66,35.96799643,-5.84018045,-11.36125393,-73.46494848,1.92625808,-21.87652265,12.78899727,1.1069615,2.83138336,-14.66493295,2.75356577,-18.71307362
51.665,36.66865425,-5.65311102,-11.32625571,-74.0569036,3.10663042,-20.94035707,12.58328707,0.87505037,2.7366762,-14.380237,2.67384018,-18.63394838
51.67,37.36701396,-5.4696476,-11.27548509,-74.59886398,4.23961378,-19.99363407,12.38321647,0.65345963,2.59514894,-14.10768178,2.6069418,-18.53804309
51.675,38.05310598,-5.29303221,-11.21997673,-75.09016869,5.32049579,-19.04519257,12.18433392,0.44184902,2.42186521,-13.84667294,2.55219578,-18.42762081
51.68,38.71474755,-5.12955874,-11.18746768,-75.52223272,6.36722006,-18.09173195,11.98841617,0.23553985,2.25027973,-13.60198299,2.50313059,-18.30073139
51.685,39.35300684,-4.9797838,-11.16995093,-75.89865869,7.37235557,-17.14274509,11.79446493,0.03811402,2.06994625,-13.37342847,2.46224029,-18.15918236
51.69,39.97286713,-4.84009941,-11.15992983,-76.21954064,8.32885449,-16.20576019,11.60362175,-0.15105079,1.87635928,-13.15695665,2.42801361,-18.00214285
51.695,40.57025846,-4.71208005,-11.16259299,-76.48574801,9.23743195,-15.28821497,11.41539463,-0.33242927,1.67276002,-12.95480323,2.40046907,-17.83055875
51.7,41.14554543,-4.59597876,-11.17674328,-76.6976193,10.09483781,-14.39564172,11.22981225,-0.50527193,1.45857874,-12.76522771,2.37910531,-17.6451102
51.705,41.69367247,-4.49194166,-11.20974645,-76.854671,10.90932256,-13.53517713,11.04761061,-0.67275366,1.24433746,-12.59175907,2.36325771,-17.44338057
51.71,42.23405105,-4.39040329,-11.23098882,-76.96431537,11.65027188,-12.70656836,10.87086086,-0.82891841,0.9952931,-12.4250079,2.34736752,-17.23962229
51.715,42.73699094,-4.3053212,-11.28587806,-77.01736059,12.36660824,-11.91241193,10.69656433,-0.98240749,0.77087127,-12.2765701,2.34039261,-17.01182963
51.72,43.23135769,-4.22238041,-11.33012591,-77.02573176,13.01195554,-11.15481431,10.52862817,-1.12472304,0.51475219,-12.13509162,2.33003039,-16.78925687
51.725,43.69103839,-4.15129378,-11.40329611,-76.98117697,13.62925363,-10.43900817,10.36315242,-1.26610666,0.28003105,-12.00834497,2.32757826,-16.54286023
51.73,44.13459229,-4.08621452,-11.47681519,-76.89272376,14.19217983,-9.76165607,10.20422549,-1.39801378,0.03018786,-11.89160039,2.32354648,-16.29816287
51.735,44.56238594,-4.02469957,-11.55221536,-76.76185645,14.7042114,-9.11899178,10.05211694,-1.52250782,-0.22730808,-11.78321758,2.31533616,-16.06079195
51.74,44.9620197,-3.97070185,-11.64578911,-76.58580662,15.18457557,-8.51576642,9.90417367,-1.64464063,-0.47335317,-11.68640803,2.31132973,-15.81071269
51.745,45.3438649,-3.91707872,-11.74842553,-76.36698661,15.61692209,-7.96040203,9.76207233,-1.76449166,-0.70718246,-11.59019276,2.29586765,-15.56339819
51.75,45.69718937,-3.87486581,-11.85741947,-76.11477724,16.03279123,-7.41950624,9.62466382,-1.87476792,-0.95889732,-11.5207883,2.30374427,-15.30602146
51.755,46.03325116,-3.83042876,-11.9743769,-75.82447716,16.4040891,-6.92378055,9.49235775,-1.9842861,-1.19571569,-11.44959421,2.30033891,-15.0545182
51.76,46.35114576,-3.78596879,-12.09783091,-75.49858562,16.74049604,-6.45687047,9.36539568,-2.09073753,-1.41972353,-11.37989091,2.29035993,-14.81234016
51.765,46.64620267,-3.74434417,-12.22895563,-75.14280104,17.05371618,-6.01267033,9.24396321,-2.19347586,-1.64468215,-11.32429944,2.28532194,-14.56963434
51.77,46.92087831,-3.70186025,-12.36498157,-74.75959646,17.33851309,-5.59844915,9.12737261,-2.29465359,-1.86502417,-11.27808997,2.28345454,-14.33168705
51.775,47.18311147,-3.65532002,-12.51953347,-74.34358558,17.56980846,-5.2485312,9.03169957,-2.40205915,-2.06456738,-11.24421548,2.23750178,-14.1275828
51.78,47.41324586,-3.61119707,-12.65207106,-73.91445468,17.83164553,-4.83340692,8.90826763,-2.49129702,-2.27791813,-11.20019565,2.27136912,-13.87989118
51.785,47.63107999,-3.55964128,-12.80072469,-73.4576162,18.04137388,-4.4788147,8.80291156,-2.58875682,-2.47130305,-11.16648332,2.26769031,-13.66252588
51.79,47.82835617,-3.5028955,-12.95025907,-72.98148333,18.23119397,-4.14870361,8.69740777,-2.68531591,-2.660199,-11.13608547,2.26559484,-13.43740736
51.795,48.01480705,-3.44225651,-13.10440828,-72.48727244,18.39271685,-3.81751156,8.601358,-2.78141805,-2.82361837,-11.10573519,2.25519071,-13.26189053
51.8,48.17771669,-3.37665771,-13.25654703,-71.98117262,18.54622067,-3.49272074,8.50228875,-2.87628037,-2.9961567,-11.0850676,2.25784141,-13.06960084
51.805,48.3249633,-3.30330263,-13.40906216,-71.46066588,18.67429153,-3.1856204,8.40586909,-2.9722693,-3.1543843,-11.06443509,2.2572272,-12.88869889
51.81,48.46657637,-3.22466892,-13.56959903,-70.92823331,18.75758887,-2.92701484,8.32789338,-3.0716772,-3.3037689,-11.0540319,2.22544869,-12.75053901
51.815,48.56812681,-3.13779152,-13.70920932,-70.39205322,18.87806204,-2.59297315,8.21532751,-3.16346365,-3.4587317,-11.03450679,2.26466431,-12.55240804
51.82,48.69344123,-3.03010989,-13.84558484,-69.84432586,18.90069374,-2.39493778,8.14659468,-3.26275619,-3.59812605,-11.02522807,2.22039546,-12.46724417
51.825,48.76040814,-2.94091515,-14.00706673,-69.29117605,18.98566961,-2.05895128,8.03987467,-3.36033387,-3.71478014,-11.00429115,2.25153116,-12.28078087
51.83,48.82926935,-2.82300261,-14.13473796,-68.73513337,19.01976806,-1.796976,7.94232764,-3.45738558,-3.84290534,-10.98935645,2.26228813,-12.13708754
51.835,48.8995242,-2.70036211,-14.25580335,-68.18219558,19.0149916,-1.58501946,7.86489964,-3.55173856,-3.98941953,-10.99073889,2.25341271,-12.04948143
51.84,48.9142264,-2.57850709,-14.38783451,-67.62127077,19.05126477,-1.28204309,7.74291081,-3.64984723,-4.08144024,-10.9659997,2.30388874,-11.86138212
51.845,48.93248878,-2.44283431,-14.50188995,-67.06442389,19.04015417,-1.0467043,7.63418772,-3.7452599,-4.20676112,-10.94864906,2.33325936,-11.71902549
51.85,48.96612994,-2.30498706,-14.59955965,-66.51639994,18.98878866,-0.87108792,7.55357424,-3.83074543,-4.34352778,-10.941027,2.33004202,-11.6532159
51.855,48.91121743,-2.15571227,-14.70583672,-65.96051909,18.98794619,-0.60894454,7.399096,-3.93120198,-4.45302234,-10.91824758,2.41754239,-11.42921619
51.86,48.88798691,-2.00001755,-14.79563346,-65.41230025,18.927959,-0.43298602,7.28628569,-4.02418452,-4.56730503,-10.9000552,2.45245716,-11.29395505
51.865,48.89675651,-1.84823345,-14.86773088,-64.87819005,18.83858927,-0.29947877,7.21184808,-4.10158719,-4.67632367,-10.88167156,2.43828173,-11.25225655
51.87,48.79665442,-1.67943875,-14.95257896,-64.33370465,18.78035433,-0.13220356,7.05097766,-4.20226216,-4.78436318,-10.85983835,2.5220785,-11.03821654
51.875,48.73535155,-1.51183099,-15.01512551,-63.80578027,18.68658528,-0.02583185,6.93193061,-4.28734122,-4.89589774,-10.83646849,2.55974695,-10.90209629
51.88,48.70811352,-1.35662335,-15.0630285,-63.29736403,18.58747358,0.06530015,6.85368689,-4.3532845,-4.99846863,-10.8125178,2.55021751,-10.85951843
51.885,48.59417874,-1.1767797,-15.12326185,-62.77555333,18.47507285,0.12436187,6.71693843,-4.44876486,-5.08244794,-10.7980076,2.59333748,-10.68836324
51.89,48.46386214,-1.00324314,-15.15599924,-62.27961331,18.36997809,0.12830061,6.54883032,-4.5218798,-5.21810687,-10.75541743,2.67608714,-10.48475224
51.895,48.38163597,-0.83712305,-15.18669796,-61.79509432,18.26068275,0.1482976,6.45396327,-4.59095966,-5.30415254,-10.7346659,2.675171,-10.39077202
51.9,48.22879016,-0.66630862,-15.21057837,-61.32378833,18.139842,0.06895212,6.28386862,-4.65754338,-5.42842142,-10.69057751,2.75241989,-10.18984368
51.905,48.14838197,-0.52008287,-15.22558925,-60.8816347,18.06303403,0.0649166,6.19652024,-4.701408,-5.52277039,-10.6543277,2.74120125,-10.13543621
51.91,47.95591843,-0.34141575,-15.24917004,-60.42731538,17.90644193,-0.12801212,6.01307939,-4.7783196,-5.62306424,-10.61161869,2.81307302,-9.88753924
51.915,47.80708904,-0.1804894,-15.25209393,-60.00644762,17.80202464,-0.26899242,5.87339991,-4.83181063,-5.7293052,-10.57156926,2.84666518,-9.71283989
51.92,47.65677992,-0.02355221,-15.24908628,-59.60234357,17.70914953,-0.43790142,5.74601941,-4.88210992,-5.82443993,-10.54189126,2.86183844,-9.55877141
51.925,47.48553492,0.124294,-15.24552161,-59.22295284,17.60588212,-0.67374011,5.59071169,-4.92369205,-5.92213792,-10.49175985,2.90517157,-9.37237688
51.93,47.31801376,0.26743229,-15.23520271,-58.86560036,17.5257139,-0.91624644,5.44805382,-4.96169097,-6.01615632,-10.45022238,2.93182239,-9.19746581
51.935,47.14433634,0.40313892,-15.22250238,-58.53343446,17.44884911,-1.19600538,5.29861607,-4.99437967,-6.10515068,-10.40211989,2.96455305,-9.01744206
51.94,46.9648717,0.52873331,-15.21354093,-58.22742892,17.36724764,-1.5093268,5.13889134,-5.02072038,-6.20013106,-10.34242216,3.01225839,-8.8247365
51.945,46.78943087,0.65369175,-15.19104575,-57.94354255,17.32174589,-1.83234409,4.99527116,-5.04595143,-6.27338282,-10.30176336,3.02945072,-8.64468048
51.95,46.60802647,0.77212362,-15.17587009,-57.68944207,17.25308399,-2.18750794,4.83221734,-5.0687452,-6.3704761,-10.24050724,3.08371325,-8.45520395
51.955,46.43336078,0.87774188,-15.15158568,-57.46056553,17.23436172,-2.54830026,4.68596877,-5.08297505,-6.42757596,-10.19482959,3.09476328,-8.27905845
51.96,46.25539786,0.98270517,-15.13114176,-57.25934296,17.20182658,-2.93677369,4.52717631,-5.0992268,-6.5051318,-10.13924599,3.13081994,-8.10142954
51.965,46.07799847,1.09499154,-15.10244781,-57.08291327,17.16740568,-3.33367648,4.36479507,-5.12139329,-6.58812732,-10.08621726,3.17960508,-7.91607118
51.97,45.90683764,1.18373782,-15.08247812,-56.93836541,17.16444219,-3.73444877,4.20616168,-5.13168568,-6.64794961,-10.03057346,3.20422137,-7.75085433
51.975,45.73790648,1.27392032,-15.05458654,-56.81776754,17.16928439,-4.14280197,4.04569199,-5.14254856,-6.7053498,-9.97834905,3.23168853,-7.58855131
51.98,45.57318347,1.3611575,-15.02491839,-56.72303986,17.18638717,-4.54920445,3.8840147,-5.15356142,-6.75756147,-9.92648878,3.25764694,-7.43441718
51.985,45.41134986,1.44305217,-14.99403124,-56.65229096,17.2133146,-4.95494571,3.7201017,-5.162909,-6.80418441,-9.87467594,3.28051588,-7.28756635
51.99,45.25344492,1.52052101,-14.96269682,-56.60519437,17.25023867,-5.35357872,3.55421662,-5.17144999,-6.84566207,-9.82277798,3.29862002,-7.15177318
51.995,45.09836677,1.59583911,-14.92954534,-56.5783802,17.29570241,-5.7436332,3.38599228,-5.18042273,-6.88320799,-9.77161965,3.31188554,-7.02588096
52,44.95062711,1.65320334,-14.89840462,-56.57757563,17.36484468,-6.10975783,3.22037849,-5.17912791,-6.89795072,-9.72171077,3.30641505,-6.91223984
52.005,44.79472737,1.74350338,-14.85712848,-56.57656442,17.41416414,-6.48854264,3.04216943,-5.2017537,-6.95020448,-9.67133543,3.31977237,-6.80129804
52.01,44.68806878,1.7981996,-14.82156682,-56.61068056,17.57981993,-6.71982953,2.91192464,-5.20228362,-6.96262486,-9.63171393,3.29568603,-6.75260447
52.015,44.49805082,1.87320782,-14.78048032,-56.63021779,17.57284704,-7.15766695,2.69440787,-5.21754745,-6.98326825,-9.5757606,3.27063634,-6.62000861
52.02,44.33891971,1.96448501,-14.73308242,-56.65704442,17.64999447,-7.4822247,2.50691452,-5.24537147,-7.03464865,-9.52774632,3.25107161,-6.52613843
52.025,44.18913069,2.03092499,-14.68657655,-56.69724658,17.7562497,-7.76237667,2.3327632,-5.2575501,-7.04420532,-9.48602657,3.18722993,-6.44183889
52.03,44.07685388,2.10480407,-14.64170276,-56.73362855,17.91764459,-7.94699834,2.20372867,-5.27830997,-7.06978955,-9.45472685,3.13162527,-6.40321508
52.035,43.86088292,2.19509827,-14.58152963,-56.76212268,17.961218,-8.28797128,1.96639192,-5.3064606,-7.09600089,-9.40993161,3.00910027,-6.28823436
52.04,43.67157172,2.29900653,-14.52804607,-56.77356015,18.06542523,-8.53435751,1.76466693,-5.3499154,-7.15415074,-9.36545831,2.91672457,-6.20357833
52.045,43.50104437,2.38085033,-14.46963896,-56.7876856,18.19737395,-8.73133844,1.59813039,-5.37892285,-7.1738638,-9.34200842,2.7547581,-6.10985432
52.05,43.29699259,2.48129143,-14.40821614,-56.77878432,18.31704707,-8.92989447,1.40601148,-5.42136972,-7.21490168,-9.31245425,2.57757635,-6.01222007
52.055,43.13671878,2.57219112,-14.3565131,-56.75422055,18.48910562,-9.07870042,1.28433885,-5.46572535,-7.25759359,-9.30588722,2.39351082,-5.92835537
52.06,42.85893762,2.68740199,-14.27947911,-56.70395312,18.57715316,-9.25722565,1.04769207,-5.51795298,-7.30905706,-9.28471276,2.11586213,-5.77914296
52.065,42.59701275,2.81172715,-14.20576792,-56.62440069,18.72836208,-9.40921552,0.85174102,-5.581488,-7.38018383,-9.27669707,1.86633247,-5.63584355
52.07,42.33507028,2.92615068,-14.13351469,-56.52463784,18.8811978,-9.5336607,0.68582619,-5.64398812,-7.43990097,-9.29102743,1.54942545,-5.46465686
52.075,42.05598043,3.04294862,-14.05845813,-56.3982519,19.03566043,-9.64196427,0.52866157,-5.71119843,-7.50364508,-9.31782025,1.18977697,-5.2707651
52.08,41.75780115,3.16157712,-13.98120592,-56.24139965,19.194957,-9.73655119,0.38359661,-5.78397952,-7.57025342,-9.36229656,0.79005585,-5.0477135
52.085,41.44105509,3.28123985,-13.90108088,-56.05359916,19.35821024,-9.81886005,0.25260968,-5.86163012,-7.63870072,-9.42499766,0.34841872,-4.79399855
52.09,41.10426522,3.40092342,-13.81930125,-55.83416512,19.52387253,-9.88935838,0.1387408,-5.9450574,-7.70900937,-9.51242339,-0.13363451,-4.50688469
52.095,40.77211791,3.50587162,-13.73807901,-55.58902006,19.6732662,-9.94302604,0.07234413,-6.02503648,-7.77119567,-9.6344983,-0.67306112,-4.19870413
52.1,40.39810572,3.62038999,-13.65207192,-55.30601629,19.83809648,-9.99316716,0.00185062,-6.11693303,-7.83999308,-9.7783709,-1.23633133,-3.84937728
52.105,39.97909107,3.74580381,-13.56442405,-54.98341891,20.0237577,-10.04119246,-0.07164141,-6.22411148,-7.91197956,-9.94899878,-1.81536474,-3.44427867
52.11,39.56757687,3.85216566,-13.47725391,-54.63572278,20.18695537,-10.07602894,-0.08808218,-6.32594555,-7.97079358,-10.16458178,-2.44500959,-3.02263723
52.115,39.15735317,3.94260325,-13.39051861,-54.26415669,20.32910354,-10.1004102,-0.05309994,-6.42526662,-8.01934604,-10.42773346,-3.1221275,-2.5940147
52.12,38.69018811,4.04578823,-13.30169452,-53.84951527,20.49827402,-10.12556985,-0.02731089,-6.54181016,-8.06377805,-10.7245532,-3.79108294,-2.09498338
52.125,38.2722347,4.12410735,-13.20804888,-53.41730435,20.63134895,-10.14847866,0.09869289,-6.6439504,-8.06775031,-11.07489545,-4.53143313,-1.6585882
52.13,37.78304841,4.19651356,-13.12393805,-52.95410526,20.75783273,-10.15431554,0.20999276,-6.75923869,-8.09547764,-11.48130756,-5.2518446,-1.13430898
52.135,37.25808863,4.27094985,-13.04521477,-52.45603435,20.90106556,-10.16682293,0.34069773,-6.88663616,-8.10325206,-11.94170581,-5.94621928,-0.55474133
52.14,36.78114726,4.32211676,-12.95329991,-51.94612676,21.00163075,-10.17610581,0.56865699,-6.99686123,-8.08192492,-12.46008553,-6.7096806,-0.08423641
52.145,36.2581733,4.36601215,-12.88001664,-51.40572135,21.09387874,-10.17956846,0.81042994,-7.11768917,-8.0498486,-13.04437062,-7.43603999,0.44902014
52.15,35.71007684,4.40945275,-12.80664511,-50.83722107,21.18283566,-10.18793576,1.083032,-7.24607431,-7.9863583,-13.69431692,-8.11348902,1.00721523
52.155,35.19581338,4.44091665,-12.71067896,-50.25692414,21.24567145,-10.18998342,1.43048994,-7.35615994,-7.90640282,-14.40019965,-8.85007951,1.43021067
52.16,34.63705946,4.45093773,-12.65686336,-49.65605346,21.27642586,-10.19167404,1.80338162,-7.47822524,-7.81777937,-15.19231789,-9.50485797,1.91400835
52.165,34.07204308,4.4637742,-12.59626068,-49.03090845,21.29791678,-10.20300591,2.22085038,-7.60060031,-7.68452971,-16.05325965,-10.10459047,2.37150974
52.17,33.51517146,4.47447631,-12.50864649,-48.39413884,21.30032478,-10.19688004,2.68080775,-7.70939046,-7.55658347,-16.96876506,-10.73148132,2.7150071
52.175,32.93805323,4.46370992,-12.47121084,-47.74171753,21.26459265,-10.20770196,3.18924601,-7.82450134,-7.39569342,-17.97826931,-11.2577023,3.05498159
52.18,32.36023059,4.45730459,-12.41546005,-47.07279922,21.21226692,-10.21446606,3.735542,-7.93269016,-7.21752175,-19.04944651,-11.75092332,3.32026986
52.185,31.77822932,4.44378014,-12.37065118,-46.39038505,21.13324639,-10.22737658,4.32472726,-8.03548425,-7.01572275,-20.19425782,-12.18194258,3.51610649
52.19,31.19156112,4.4293008,-12.32624784,-45.69445377,21.02913081,-10.23923839,4.95000378,-8.13267767,-6.80022247,-21.4062512,-12.56131216,3.63403428
52.195,30.59791722,4.42278554,-12.26899893,-44.98148179,20.90274879,-10.24398661,5.60391396,-8.22386294,-6.56520043,-22.6784765,-12.88499085,3.67366952
52.2,30.00326778,4.40608258,-12.23317327,-44.2619085,20.74530089,-10.26042913,6.29912515,-8.30745308,-6.31734538,-24.02391571,-13.13676485,3.62116974
52.205,29.41069917,4.38688443,-12.1987505,-43.53465188,20.56397188,-10.27993769,7.02546241,-8.37906644,-6.06514366,-25.42979594,-13.32745896,3.47693107
52.21,28.82327744,4.35673015,-12.18000488,-42.80847095,20.35569034,-10.31290673,7.78700179,-8.43709001,-5.81180581,-26.89841147,-13.46360952,3.2311615
52.215,28.25141864,4.32261337,-12.14166095,-42.07476605,20.12666133,-10.35999206,8.58418113,-8.46760208,-5.52853809,-28.41114603,-13.56907988,2.8866658
52.22,27.63939502,4.32030103,-12.10359212,-41.31834247,19.87729918,-10.3594536,9.36226969,-8.52254379,-5.28973535,-29.97179761,-13.58438554,2.48717633
52.225,27.05910275,4.28993914,-12.06990354,-40.56662322,19.60478476,-10.40345966,10.19048214,-8.53156543,-5.00209498,-31.57103744,-13.60597328,1.96792928
52.23,26.46399781,4.27580684,-12.03017973,-39.80374251,19.31313286,-10.42348086,11.01486762,-8.54541727,-4.74667395,-33.20743658,-13.56001628,1.38161133
52.235,25.87139422,4.26271755,-11.98425797,-39.0374689,19.00277914,-10.44135942,11.84863974,-8.54596132,-4.50404579,-34.87327848,-13.48207184,0.71582856
52.24,25.28809708,4.25039952,-11.931761,-38.26801969,18.6726299,-10.45783149,12.69477532,-8.53396076,-4.27131191,-36.56267201,-13.37652928,-0.03426259
52.245,24.66569845,4.24132779,-11.88937752,-37.49096958,18.34183184,-10.44724059,13.50796816,-8.5198248,-4.0564835,-38.27454195,-13.18700498,-0.78753908
52.25,24.08620081,4.21035573,-11.84450936,-36.71380255,17.9800252,-10.47241672,14.36295708,-8.46105702,-3.81405409,-39.98841719,-13.06698911,-1.67128241
52.255,23.49858655,4.18690417,-11.78762882,-35.93943664,17.61404592,-10.47103161,15.19967233,-8.40436839,-3.61858343,-41.71338941,-12.89213609,-2.56884615
52.26,22.91213195,4.15746067,-11.72363238,-35.15868588,17.23737714,-10.46538659,16.03031012,-8.32831984,-3.43234294,-43.43279509,-12.70867276,-3.50868122
52.265,22.33132827,4.1203503,-11.65763248,-34.38205053,16.85225876,-10.45015382,16.85384527,-8.23785926,-3.26822596,-45.14709154,-12.51500052,-4.47269711
52.27,21.75476524,4.07282922,-11.58607472,-33.60789233,16.46128913,-10.42742574,17.66783396,-8.12929577,-3.12257906,-46.84813151,-12.31830482,-5.45147665
52.275,21.1785819,4.01464197,-11.51411025,-32.8339105,16.07033102,-10.39705872,18.46989888,-8.00394592,-2.99101962,-48.53220898,-12.10635165,-6.42729364
52.28,20.6155601,3.94275354,-11.43433649,-32.0665924,15.67205434,-10.35610995,19.26523044,-7.85971601,-2.88445003,-50.19456612,-11.90112825,-7.40332286
52.285,20.05686883,3.85761913,-11.35633379,-31.30330581,15.2766171,-10.30759923,20.04993751,-7.69925969,-2.79301117,-51.83364183,-11.68375343,-8.35644909
52.29,19.50934375,3.75653055,-11.27462114,-30.54666785,14.87883024,-10.24755133,20.82603311,-7.52103934,-2.72387333,-53.44334425,-11.46268327,-9.2839738
52.295,18.97431293,3.63949394,-11.18758335,-29.8009315,14.47799294,-10.17363823,21.59354211,-7.32691683,-2.6773803,-55.02317374,-11.2333699,-10.17418308
52.3,18.44522734,3.50587745,-11.11776947,-29.0615853,14.09444023,-10.1030772,22.35568006,-7.11476836,-2.63370352,-56.57484708,-10.98641127,-11.01406764
52.305,17.92972476,3.35530286,-11.04410243,-28.32948422,13.71041089,-10.0189614,23.11088537,-6.88719419,-2.61301298,-58.08846107,-10.72610646,-11.80203761
52.31,17.42723901,3.18864177,-10.97318239,-27.60835842,13.33155077,-9.92591888,23.86120016,-6.64556636,-2.60816074,-59.5665139,-10.44700581,-12.53045649
52.315,16.93649467,3.00747414,-10.91143605,-26.8975913,12.96326924,-9.82694848,24.60797091,-6.39189801,-2.61532018,-61.00959045,-10.14130154,-13.19066868
52.32,16.46105457,2.81045923,-10.85495226,-26.19847284,12.6000848,-9.72099582,25.35341241,-6.12547663,-2.63683428,-62.41397201,-9.81261339,-13.78552052
52.325,15.99842449,2.60049156,-10.80824326,-25.51246405,12.25024195,-9.6106216,26.09729559,-5.84953409,-2.66706364,-63.78255104,-9.45295439,-14.30470304
52.33,15.52957406,2.38259719,-10.75848622,-24.83127414,11.91705381,-9.4775286,26.81808377,-5.57223217,-2.72159031,-65.10750346,-9.03651298,-14.73064733
52.335,15.07798408,2.13452578,-10.72858609,-24.18668531,11.58229561,-9.34140777,27.53563048,-5.26664588,-2.77389087,-66.39455495,-8.61097545,-15.09289525
52.34,14.69656138,1.90372496,-10.7303107,-23.53152784,11.26456753,-9.2617509,28.33610165,-4.97400873,-2.80872461,-67.65584269,-8.18775191,-15.43840334
52.345,14.25892301,1.64079544,-10.71062581,-22.90659627,10.95729077,-9.12327551,29.04123079,-4.66190565,-2.88691846,-68.8561673,-7.71299591,-15.70777928
52.35,13.87708452,1.40510548,-10.72249946,-22.27326875,10.67590778,-9.0171049,29.81597505,-4.37533511,-2.94576701,-70.03592841,-7.17377348,-15.89514424
52.355,13.52667199,1.14469363,-10.75656599,-21.68116417,10.39868793,-8.91770831,30.60407906,-4.06464971,-2.99783736,-71.1782656,-6.60900606,-15.96016598
52.36,13.16158991,0.88515585,-10.78881194,-21.09474744,10.13779468,-8.80795113,31.36422673,-3.76113401,-3.06799856,-72.27191609,-6.00945307,-16.00045973
52.365,12.80662539,0.62536635,-10.83325256,-20.5241264,9.89437421,-8.70046109,32.12513735,-3.45895084,-3.13891773,-73.32466072,-5.3799482,-15.99285027
52.37,12.46238791,0.36595428,-10.88967419,-19.97033343,9.66717038,-8.59745995,32.88683697,-3.15906949,-3.21110489,-74.33546824,-4.72247142,-15.93741082
52.375,12.12756812,0.1095641,-10.95670417,-19.43295705,9.45870725,-8.50024308,33.64916647,-2.86374346,-3.28253098,-75.30455904,-4.03848075,-15.84432205
52.38,11.80259256,-0.14499554,-11.03242539,-18.91269074,9.26417989,-8.40816492,34.41015292,-2.57214973,-3.35674793,-76.22942026,-3.33331789,-15.70998688
52.385,11.48654262,-0.39524325,-11.1172292,-18.40999028,9.08708577,-8.32256039,35.16980354,-2.28593253,-3.43078318,-77.11053357,-2.60787183,-15.54674454
52.39,11.16661523,-0.63798528,-11.19225368,-17.91672281,8.92695577,-8.24073901,35.91219269,-2.01252985,-3.52060443,-77.94078178,-1.87896195,-15.43200458
52.395,10.87886026,-0.88103948,-11.30910121,-17.45882984,8.78836919,-8.17138677,36.6798138,-1.73019145,-3.57986879,-78.73688424,-1.12307547,-15.16537942
52.4,10.58647962,-1.11814114,-11.40934262,-17.01194451,8.65891727,-8.10646245,37.42531764,-1.46125545,-3.65966164,-79.47831343,-0.3700855,-14.94439738
52.405,10.30192832,-1.34832514,-11.51744003,-16.5836169,8.55279553,-8.04985112,38.16668688,-1.19793514,-3.73727186,-80.17261876,0.38227416,-14.72829367
52.41,10.025539,-1.57344755,-11.62769466,-16.17685451,8.46572312,-8.00126034,38.90050589,-0.93973352,-3.81555516,-80.81764135,1.12978648,-14.51459816
52.415,9.75656612,-1.7937115,-11.73677435,-15.78869584,8.39397717,-7.9590768,39.62585286,-0.6888775,-3.89920138,-81.41184932,1.87206166,-14.29817342
52.42,9.49560007,-2.00962145,-11.84450819,-15.42175725,8.33861958,-7.92462773,40.34083383,-0.4432209,-3.98584023,-81.95405731,2.6011877,-14.0898863
52.425,9.24321233,-2.22165145,-11.9497822,-15.07575366,8.29951976,-7.8977093,41.04515359,-0.20280898,-4.07659073,-82.44323565,3.31653288,-13.89091573
52.43,8.99923195,-2.42970104,-12.05178719,-14.75145255,8.27709475,-7.8787378,41.73781164,0.03194875,-4.17130242,-82.87936179,4.01362995,-13.70500824
52.435,8.76421284,-2.63379603,-12.14909029,-14.44799332,8.27121875,-7.86763455,42.41828036,0.26226114,-4.2691783,-83.26174462,4.69041137,-13.53358458
52.44,8.52951276,-2.83814173,-12.22304266,-14.15764781,8.27577041,-7.86832872,43.07275554,0.48422006,-4.38863179,-83.58046404,5.31781753,-13.45744896
52.445,8.32359865,-3.0342734,-12.32331904,-13.90463207,8.30372062,-7.86789301,43.73832842,0.70858515,-4.48214028,-83.85902486,5.97127203,-13.23935682
52.45,8.10701665,-3.24915006,-12.38213904,-13.67517479,8.32344609,-7.89773941,44.35498978,0.94560039,-4.60647929,-84.0621958,6.50744176,-13.27261012
52.455,7.92350886,-3.42699363,-12.46387486,-13.44640405,8.38769492,-7.89967997,44.99730592,1.13809587,-4.71773888,-84.23328943,7.14933605,-13.00731636
52.46,7.7378744,-3.62173226,-12.518028,-13.24845721,8.4465821,-7.93061386,45.59980048,1.34666961,-4.84548986,-84.33608484,7.69878429,-12.91035255
52.465,7.5643456,-3.81441371,-12.56331211,-13.07050481,8.5150874,-7.96716363,46.18654582,1.55130973,-4.97792905,-84.38357444,8.21951683,-12.82921276
52.47,7.40191577,-4.00562376,-12.59802482,-12.91206792,8.59261225,-8.01133711,46.75531271,1.7517949,-5.11558452,-84.37635349,8.7137036,-12.75817297
52.475,7.24285209,-4.1974042,-12.61540054,-12.76676813,8.67274527,-8.06742486,47.29828232,1.94939961,-5.26382582,-84.311066,9.15570953,-12.7508706
52.48,7.10419999,-4.38705206,-12.62984016,-12.64574612,8.7666396,-8.12535808,47.83040402,2.14319858,-5.41168596,-84.19679832,9.59786339,-12.6933815
52.485,6.97122327,-4.57854368,-12.64831564,-12.55284417,8.8573606,-8.20159219,48.33811316,2.34880625,-5.55103289,-84.03092345,9.98410678,-12.70837337
52.49,6.85488957,-4.76449064,-12.62931659,-12.45667192,8.9661086,-8.26506453,48.83084892,2.52424733,-5.71911191,-83.815572,10.38901079,-12.62002372
52.495,6.75532314,-4.94306973,-12.62060205,-12.39354819,9.0774736,-8.3425208,49.30837196,2.70274534,-5.86940396,-83.55716585,10.77842608,-12.51923346
52.5,6.63978439,-5.11625636,-12.63453493,-12.32699564,9.17925886,-8.43850822,49.75482861,2.89168464,-6.01010655,-83.25295051,11.0820352,-12.56461865
52.505,6.56498528,-5.2978351,-12.57234506,-12.29528674,9.29560236,-8.52062847,50.18390731,3.05717737,-6.18234096,-82.89825235,11.43761888,-12.44272791
52.51,6.47567573,-5.4708912,-12.55875456,-12.26899803,9.40043185,-8.61854299,50.58628783,3.24141213,-6.32734863,-82.50667229,11.70389148,-12.46155319
52.515,6.39928508,-5.6442589,-12.52397677,-12.25390787,9.5128099,-8.71566941,50.96816813,3.4145521,-6.4857967,-82.07865716,11.96356171,-12.44225904
52.52,6.33874308,-5.8086783,-12.45285524,-12.24633811,9.63075944,-8.8136894,51.32830201,3.56093216,-6.65937893,-81.61532132,12.23810843,-12.32630357
52.525,6.27086882,-5.96478217,-12.42204257,-12.25069767,9.73758569,-8.9161835,51.66540121,3.72825019,-6.80188757,-81.12270479,12.45429834,-12.31345245
52.53,6.21104562,-6.11964488,-12.37714183,-12.26513545,9.84878589,-9.01841282,51.9783988,3.88518167,-6.95235455,-80.60179405,12.65495353,-12.27504921
52.535,6.15428896,-6.26576639,-12.3273048,-12.28540134,9.95926779,-9.12066916,52.26797868,4.03513843,-7.10125046,-80.05686284,12.83904961,-12.22364739
52.54,6.09679038,-6.40540175,-12.26826972,-12.3042605,10.06930205,-9.22352773,52.53214701,4.17386882,-7.25335578,-79.49162794,13.00894286,-12.14926335
52.545,6.04224668,-6.53600912,-12.22308369,-12.34155899,10.17648586,-9.32788233,52.77387205,4.31329006,-7.39054037,-78.91168968,13.15852499,-12.08581326
52.55,5.98496015,-6.64546349,-12.21913461,-12.36955016,10.28836351,-9.43175479,53.00794505,4.45808742,-7.49639913,-78.32431304,13.27770796,-12.0665007
52.555,5.93222317,-6.77066691,-12.1529543,-12.42148835,10.38740589,-9.51880266,53.19821624,4.58660913,-7.63894239,-77.71613259,13.37486198,-12.01091551
52.56,5.87115133,-6.87482545,-12.1186975,-12.46402342,10.49414336,-9.61004092,53.37345499,4.71245543,-7.75696795,-77.1071814,13.45757196,-11.96588347
52.565,5.795362,-6.97352218,-12.07927015,-12.50473596,10.59950622,-9.69209562,53.51198864,4.82842114,-7.87923625,-76.49255369,13.52023226,-11.91527087
52.57,5.7352625,-7.04804492,-12.0850889,-12.54485574,10.70996077,-9.78268987,53.66371464,4.94997539,-7.96374572,-75.8881502,13.56580809,-11.8891711
52.575,5.65885047,-7.13793386,-12.0370058,-12.59903215,10.80675074,-9.8453414,53.75883616,5.05785035,-8.08279299,-75.2720874,13.57955001,-11.85929313
52.58,5.57590574,-7.20820358,-12.02407054,-12.64304591,10.91482453,-9.9119268,53.84406188,5.16534223,-8.17708808,-74.66765198,13.58098145,-11.84244205
52.585,5.48518635,-7.27081181,-12.01503293,-12.68626468,11.02207374,-9.96864795,53.90640387,5.26716507,-8.26729695,-74.06997954,13.56126666,-11.83579533
52.59,5.40126499,-7.30870623,-12.03455726,-12.71778319,11.13355011,-10.03284818,53.9739828,5.36117027,-8.3342635,-73.49202606,13.53637636,-11.82693197
52.595,5.27546478,-7.37336043,-12.00574018,-12.7656695,11.23615958,-10.04846645,53.96041984,5.45491247,-8.43709232,-72.90381104,13.46192531,-11.86536755
52.6,5.160392,-7.41235053,-12.02152787,-12.79914051,11.35487127,-10.08096334,53.96224506,5.5476439,-8.50755376,-72.33977371,13.38807989,-11.89761008
52.605,5.03432511,-7.4467042,-12.03125211,-12.83214489,11.46817864,-10.09463487,53.93706385,5.63344678,-8.57946964,-71.7885443,13.29457055,-11.94959353
52.61,4.87250555,-7.46849424,-12.06377684,-12.84551957,11.58642068,-10.06913884,53.8738108,5.71519136,-8.64182368,-71.25307557,13.17897533,-12.05919759
52.615,4.77856518,-7.46958987,-12.09169875,-12.86689718,11.70402032,-10.11490984,53.86752654,5.78245917,-8.68973795,-70.74662428,13.09771071,-12.06306119
52.62,4.59078017,-7.50159709,-12.09467454,-12.88040704,11.8160699,-10.05932918,53.74035565,5.86032522,-8.77096153,-70.22853277,12.93984719,-12.22004851
52.625,4.43467927,-7.50603572,-12.13747988,-12.89587447,11.93944726,-10.02389533,53.64439661,5.9345738,-8.8163919,-69.74267602,12.80476508,-12.34090304
52.63,4.28239292,-7.50957247,-12.15393694,-12.90118467,12.05746943,-9.99980568,53.53759434,5.99641691,-8.87646883,-69.27100781,12.66774811,-12.44458789
52.635,4.11633744,-7.50599712,-12.18472512,-12.9045544,12.17604454,-9.95716418,53.40702089,6.05899981,-8.92485214,-68.81661322,12.52687304,-12.58266371
52.64,3.96328893,-7.50149203,-12.20561286,-12.91750457,12.29724242,-9.92613723,53.27151873,6.12029682,-8.97103438,-68.37810017,12.38887358,-12.70413097
52.645,3.78162815,-7.48703646,-12.23886507,-12.90025423,12.40764281,-9.85883606,53.10611804,6.17104519,-9.02064262,-67.95664877,12.25346825,-12.87769739
52.65,3.6177691,-7.47409448,-12.26218117,-12.90070379,12.52276638,-9.80519417,52.93855397,6.22764346,-9.06081986,-67.54971182,12.12631747,-13.03292171
52.655,3.43336144,-7.45081045,-12.3096186,-12.87622049,12.62239988,-9.71022517,52.751361,6.27992032,-9.09579536,-67.16136462,12.0035596,-13.23292303
52.66,3.26624654,-7.43087818,-12.31617587,-12.86280606,12.72693514,-9.6505535,52.55539898,6.3190133,-9.14652712,-66.78513564,11.90143641,-13.40336419
52.665,3.10102378,-7.40625482,-12.33343858,-12.85339257,12.82510672,-9.58690592,52.35154481,6.36851418,-9.17669413,-66.42410453,11.82040271,-13.59116756
52.67,2.92019679,-7.3770374,-12.3601232,-12.82268649,12.90885988,-9.49489122,52.12866766,6.40806074,-9.21525465,-66.07962218,11.73219746,-13.80250998
52.675,2.75397843,-7.34563142,-12.37595967,-12.80045545,12.98916318,-9.41427163,51.90461227,6.44820918,-9.2457925,-65.74931075,11.67849283,-14.00907948
52.68,2.58524902,-7.31567534,-12.40512413,-12.77667389,13.0632344,-9.32638342,51.67014776,6.49817994,-9.26603629,-65.4310755,11.62619188,-14.22825461
52.685,2.42706433,-7.27815384,-12.40384775,-12.75311262,13.1215415,-9.25108746,51.43121465,6.52928293,-9.29511144,-65.131143,11.62195299,-14.44486018
52.69,2.27026507,-7.24007105,-12.41371465,-12.72850334,13.16963207,-9.1753315,51.18674904,6.56838374,-9.31217133,-64.8434049,11.63412771,-14.67312473
52.695,2.11622487,-7.20453085,-12.4277952,-12.70580139,13.20796748,-9.10005112,50.93631761,6.61335726,-9.32201989,-64.56790825,11.66066575,-14.91022405
52.7,1.97173192,-7.16059676,-12.426478,-12.68337791,13.23008378,-9.03425535,50.68721215,6.64869961,-9.33073343,-64.3113401,11.72435533,-15.14430661
52.705,1.83510877,-7.11569461,-12.42581351,-12.66461278,13.23602297,-8.97553662,50.43857808,6.68743553,-9.32916449,-64.06773094,11.81530701,-15.38274103
52.71,1.69852732,-7.07414694,-12.42992379,-12.64510886,13.22888007,-8.92347664,50.18524895,6.73049398,-9.32451248,-63.83837296,11.92096126,-15.63017009
52.715,1.56983286,-7.0308356,-12.43001231,-12.63075175,13.20463576,-8.88032731,49.93402232,6.77551226,-9.31032223,-63.62348111,12.05210255,-15.88039977
52.72,1.45096533,-6.98527029,-12.42859309,-12.62055406,13.16206444,-8.84822392,49.68803819,6.82130949,-9.2871119,-63.42311909,12.20918716,-16.12936616
52.725,1.3802399,-6.93991842,-12.44100854,-12.62206209,13.09881887,-8.82437467,49.48571765,6.86864562,-9.25571536,-63.24147291,12.42499714,-16.32471904
52.73,1.22162702,-6.89829111,-12.42554458,-12.61110052,13.01900955,-8.82479567,49.19539898,6.92438621,-9.2191089,-63.06326002,12.57356251,-16.63962819
52.735,1.16337914,-6.8581318,-12.44007767,-12.62260512,12.92475224,-8.80497333,48.99986512,6.98137118,-9.17177568,-62.9061256,12.81876849,-16.84094856
52.74,1.03577451,-6.81027722,-12.42167099,-12.6361735,12.79732822,-8.83990766,48.73342831,7.03760868,-9.10965972,-62.75942395,13.01786873,-17.14043929
52.745,0.97875915,-6.77979014,-12.44541569,-12.64909998,12.66864257,-8.83213657,48.53966697,7.10649534,-9.0520022,-62.62219403,13.27233938,-17.34740484
52.75,0.84468607,-6.73840606,-12.44033312,-12.65770703,12.4711657,-8.93393934,48.27192129,7.18048186,-8.96977015,-62.49316285,13.46970219,-17.66329098
52.755,0.80663692,-6.71257931,-12.45648989,-12.70008151,12.30767108,-8.92288777,48.08632713,7.25227215,-8.89455801,-62.37701253,13.74541283,-17.868385
52.76,0.75203911,-6.68284173,-12.47237056,-12.74327928,12.10939648,-8.94386905,47.88631286,7.32631062,-8.80544698,-62.26947426,14.01555402,-18.09546846
52.765,0.62289773,-6.6368953,-12.46659663,-12.76786158,11.80695162,-9.13821888,47.62396157,7.40939834,-8.68496663,-62.16770619,14.21224179,-18.40354361
52.77,0.5634945,-6.6157576,-12.47721428,-12.81937504,11.52698035,-9.22575351,47.41564,7.49561943,-8.57903843,-62.06567229,14.45360351,-18.64698749
52.775,0.5061389,-6.59611964,-12.4980781,-12.8796624,11.21622859,-9.32020539,47.20527523,7.58722708,-8.4586842,-61.96475173,14.68688066,-18.88066325
52.78,0.45558967,-6.58205006,-12.52167143,-12.94807772,10.87665489,-9.40502575,46.99757389,7.68308274,-8.33223621,-61.86271554,14.91760959,-19.1061676
52.785,0.40415061,-6.57069617,-12.55769372,-13.03247913,10.49100901,-9.52479628,46.77805972,7.77891527,-8.1983425,-61.75709034,15.12481535,-19.33355091
52.79,0.40570348,-6.58819866,-12.61276167,-13.14491116,10.14059996,-9.49313468,46.58939788,7.87775897,-8.08291804,-61.64036629,15.35094165,-19.50077303
52.795,0.32442739,-6.56999295,-12.64693178,-13.22488191,9.62895044,-9.70346632,46.3335094,7.9818844,-7.91162972,-61.52187123,15.51696889,-19.75463365
52.8,0.29884447,-6.57821627,-12.68906352,-13.34136542,9.13903715,-9.78096193,46.10278932,8.0826091,-7.76431713,-61.38748968,15.69426852,-19.96030679
52.805,0.2780008,-6.59154417,-12.7447449,-13.4675708,8.61019067,-9.83564074,45.86226171,8.18455243,-7.608309,-61.23731074,15.85741388,-20.15438343
52.81,0.26490662,-6.61105486,-12.80648294,-13.60611131,8.04123352,-9.8677774,45.61021336,8.28540966,-7.44814319,-61.07009787,16.00720858,-20.34092492
52.815,0.26009498,-6.6358963,-12.87504772,-13.75854162,7.42845563,-9.87624073,45.3450542,8.38365803,-7.28423116,-60.88220824,16.14259629,-20.52069006
52.82,0.2656921,-6.66650386,-12.95008261,-13.92480519,6.7720533,-9.85225908,45.06638505,8.47893039,-7.11629952,-60.67226985,16.26561329,-20.69251529
52.825,0.2819699,-6.70283103,-13.02956872,-14.10642851,6.0692092,-9.79734191,44.7713864,8.56894473,-6.94699158,-60.43736287,16.37382437,-20.85803086
52.83,0.31003947,-6.74516065,-13.10374923,-14.30448599,5.3172612,-9.71026672,44.45728583,8.65049294,-6.78054044,-60.17485643,16.46504084,-21.02072332
52.835,0.35304975,-6.78873649,-13.20720029,-14.51673002,4.5267465,-9.57092662,44.13314456,8.7308519,-6.59893447,-59.88835518,16.5570559,-21.16775236
52.84,0.4090782,-6.83979541,-13.30544745,-14.74729126,3.68544936,-9.39767618,43.78628223,8.80146811,-6.42242415,-59.5704097,16.63297161,-21.31210245
52.845,0.47701273,-6.89372155,-13.39396214,-14.99428025,2.79267975,-9.18752692,43.41592536,8.86013873,-6.24823081,-59.2214598,16.69460383,-21.45757825
52.85,0.59206924,-6.95671183,-13.48728981,-15.2621671,1.88007271,-8.88671221,43.05532308,8.91380307,-6.07016781,-58.83978487,16.77055657,-21.56226395
52.855,0.6759455,-7.01348713,-13.61775476,-15.54670829,0.8827092,-8.62575618,42.6344366,8.95629863,-5.88415782,-58.43540877,16.80626603,-21.70973303
52.86,0.80125019,-7.08005405,-13.72392292,-15.85335755,-0.14034458,-8.29171532,42.21096956,8.98703544,-5.70671706,-57.99386175,16.84512128,-21.83639928
52.865,0.94470489,-7.14814474,-13.83325061,-16.17919507,-1.20537686,-7.92307905,41.7688878,9.00740775,-5.52624857,-57.52242302,16.87719736,-21.95816977
52.87,1.10058183,-7.21951769,-13.93232778,-16.52422694,-2.31205888,-7.53116538,41.29985664,9.01674243,-5.34860934,-57.01779725,16.89638684,-22.08899957
52.875,1.2870993,-7.29374254,-14.04275326,-16.89469944,-3.44740868,-7.10695236,40.82349572,9.01563781,-5.16881955,-56.48654725,16.91511348,-22.20225465
52.88,1.53789884,-7.38054033,-14.13183269,-17.30005368,-4.58306413,-6.62270178,40.36370313,9.00091504,-5.0053413,-55.92510334,16.96234978,-22.25753701
52.885,1.72275919,-7.44853457,-14.26101181,-17.70585452,-5.80600919,-6.22305669,39.81978555,8.98105174,-4.81065765,-55.34000188,16.9354957,-22.41336619
52.89,1.98454172,-7.53041872,-14.3730346,-18.15293663,-7.00907116,-5.76515039,39.30491386,8.94771215,-4.63388786,-54.72839175,16.93714043,-22.50307611
52.895,2.2539119,-7.61321488,-14.47444077,-18.62146213,-8.2371201,-5.33575048,38.76309478,8.90626552,-4.45784334,-54.08992439,16.92452039,-22.60824322
52.9,2.54573991,-7.70106202,-14.56348948,-19.11941553,-9.46666197,-4.93242816,38.20683357,8.85670754,-4.2876526,-53.42784045,16.90378531,-22.71502145
52.905,2.90480573,-7.80880657,-14.65952928,-19.66810727,-10.63835963,-4.46379794,37.67346943,8.79615268,-4.14594937,-52.74562805,16.92884115,-22.73967016
52.91,3.20443672,-7.87781143,-14.75914602,-20.20580106,-11.90922689,-4.20795221,37.07593779,8.73216641,-3.94335098,-52.0509569,16.85298548,-22.87236066
52.915,3.56206134,-7.97659662,-14.82812753,-20.79633185,-13.116695,-3.94489588,36.48622179,8.66495312,-3.78389687,-51.32587176,16.80394654,-22.97946195
52.92,3.93925193,-8.06943699,-14.90766012,-21.41847084,-14.29730704,-3.72815703,35.89385792,8.58799231,-3.61649221,-50.5941471,16.74999557,-23.0561128
52.925,4.33813911,-8.16878729,-14.98270797,-22.08034122,-15.44233599,-3.57995987,35.29213752,8.50795683,-3.45711494,-49.84643278,16.69061595,-23.1260797
52.93,4.75092628,-8.26630811,-15.04449953,-22.77298794,-16.55962062,-3.52321909,34.68031594,8.42569437,-3.29251063,-49.08415646,16.61586445,-23.19359448
52.935,5.18263731,-8.37238205,-15.10118628,-23.50973115,-17.62461085,-3.55830844,34.06056678,8.34082316,-3.1421197,-48.31183872,16.53957963,-23.26366457
52.94,5.62684336,-8.47567359,-15.14935349,-24.28197366,-18.64825045,-3.68752846,33.43232896,8.25332133,-2.98705711,-47.53070843,16.4457918,-23.32321356
52.945,6.0858029,-8.58111541,-15.1859757,-25.09406893,-19.61858094,-3.92380469,32.79691341,8.16644753,-2.83321983,-46.73890976,16.34348999,-23.38158586
52.95,6.55764909,-8.69000982,-15.21580776,-25.94915846,-20.52968765,-4.25892119,32.15396787,8.07975258,-2.68116507,-45.94137423,16.23236051,-23.43445557
52.955,7.04125232,-8.79619209,-15.23162629,-26.84687144,-21.38498094,-4.70700339,31.50422483,7.99042979,-2.5322731,-45.13843247,16.10417919,-23.47998759
52.96,7.53681657,-8.90489592,-15.24005858,-27.78862126,-22.17939243,-5.26486599,30.84863877,7.90244784,-2.38536892,-44.3311471,15.97099201,-23.52655469
52.965,8.04210901,-9.01082407,-15.22266592,-28.76765568,-22.9119818,-5.92889685,30.18532895,7.82012385,-2.2275508,-43.51343423,15.82472605,-23.56655784
52.97,8.55989772,-9.11695787,-15.21723231,-29.80104433,-23.58247199,-6.69726973,29.52254626,7.72634375,-2.08985282,-42.70795805,15.67394669,-23.61085053
52.975,9.08735611,-9.21941181,-15.18377272,-30.87208939,-24.19842091,-7.56777395,28.85361997,7.63831453,-1.94269729,-41.89342376,15.5093462,-23.64995181
52.98,9.62486469,-9.31660928,-15.13436976,-31.98605552,-24.75735267,-8.53068097,28.18156453,7.54703563,-1.79714587,-41.08063085,15.33362537,-23.68690407
52.985,10.17339423,-9.41181811,-15.06781115,-33.14263674,-25.26188199,-9.5780146,27.50738683,7.45686591,-1.65347507,-40.26680785,15.14740159,-23.7212463
52.99,10.73373728,-9.50349302,-14.98696519,-34.34074015,-25.71719623,-10.70108596,26.83385665,7.36753392,-1.5097496,-39.45454052,14.95450823,-23.75666921
52.995,11.30646078,-9.59123758,-14.88491856,-35.5806308,-26.11616168,-11.88902088,26.1599562,7.27858559,-1.3686419,-38.64328762,14.74915946,-23.78787867
53,11.89349971,-9.66773318,-14.78220365,-36.85533656,-26.47162022,-13.14520223,25.4996092,7.18903236,-1.20984758,-37.84137677,14.55304166,-23.8355875
53.005,12.49207839,-9.74907865,-14.62881342,-38.17746645,-26.76133961,-14.40376485,24.8242365,7.09883127,-1.09065391,-37.03379818,14.32026507,-23.85375427
53.01,13.10562891,-9.81948538,-14.47877782,-39.53093503,-27.0043974,-15.70429805,24.16591074,7.00909764,-0.95336814,-36.23665154,14.09259626,-23.88277593
53.015,13.73175276,-9.85820113,-14.31534768,-40.9058952,-27.20607377,-17.04231419,23.52438324,6.90239075,-0.80242667,-35.45514677,13.87084024,-23.93185201
53.02,14.37700694,-9.92364201,-14.11458819,-42.32918719,-27.34648843,-18.31558465,22.87408029,6.81587308,-0.68887342,-34.66542474,13.62095,-23.94842399
53.025,15.03534696,-9.96176128,-13.91262638,-43.76878935,-27.44168015,-19.60582723,22.24474138,6.71792527,-0.55597483,-33.89088537,13.37577698,-23.97966243
53.03,15.70381105,-9.96056244,-13.69777107,-45.215324,-27.48697024,-20.8829895,21.63278239,6.59460359,-0.42000775,-33.13012262,13.13353908,-24.02639061
53.035,16.38958501,-9.97335606,-13.48275577,-46.68988655,-27.48154547,-22.10110413,21.03300938,6.48867648,-0.28033295,-32.37695227,12.87979944,-24.06064633
53.04,17.09334915,-9.96854669,-13.21653559,-48.18560074,-27.39525141,-23.22077709,20.43421702,6.37093099,-0.18571511,-31.62552624,12.62278148,-24.08024635
53.045,17.81064337,-9.96908524,-12.97018121,-49.69780332,-27.25476628,-24.28144193,19.85767409,6.26573538,-0.06988043,-30.89312855,12.36348183,-24.09252982
53.05,18.5406597,-9.91443129,-12.71731423,-51.18778534,-27.07639281,-25.32880897,19.3057093,6.123188,0.0483371,-30.16556283,12.10480012,-24.13256702
53.055,19.28349963,-9.8708089,-12.45170885,-52.69753412,-26.81049193,-26.24739917,18.76029509,5.99343283,0.14589112,-29.45282942,11.84522881,-24.14397604
53.06,20.03985701,-9.81084791,-12.19187038,-54.20141854,-26.4839501,-27.10033183,18.23583975,5.85679983,0.24626307,-28.75213271,11.58565182,-24.15523103
53.065,20.80516323,-9.73408441,-11.93512625,-55.69581312,-26.08529065,-27.86934715,17.72816729,5.71084344,0.34154605,-28.06332686,11.3292298,-24.16057744
53.07,21.56279549,-9.66464484,-11.69707785,-57.1828025,-25.5964464,-28.53660777,17.22006155,5.57515597,0.4445696,-27.38282727,11.08375562,-24.1310101
53.075,22.36397891,-9.54072136,-11.43415351,-58.6454427,-25.06983733,-29.15871353,16.76084478,5.39862334,0.50524288,-26.72130316,10.82593668,-24.14556383
53.08,23.16227526,-9.42540999,-11.19648946,-60.0956634,-24.45414651,-29.68923009,16.3104569,5.23296747,0.57894248,-26.07458714,10.57358348,-24.13610844
53.085,23.97503939,-9.2979639,-10.97611924,-61.51991916,-23.74901314,-30.12784059,15.88608353,5.05953152,0.65297866,-25.43762781,10.32290973,-24.13046055
53.09,24.78493573,-9.16345653,-10.74648776,-62.92368605,-22.97723364,-30.48885222,15.45839002,4.88351409,0.69136398,-24.80968694,10.08315219,-24.0920726
53.095,25.60683651,-9.02524292,-10.5364933,-64.29695333,-22.11900114,-30.76824987,15.05196169,4.70571116,0.72675128,-24.18739962,9.84705635,-24.048239
53.1,26.43513002,-8.8722101,-10.35929985,-65.63601334,-21.14707508,-30.93355455,14.67826992,4.51470537,0.777542,-23.5940482,9.61842791,-24.01414787
53.105,27.25466177,-8.73514239,-10.16710847,-66.94674838,-20.17104534,-31.1178776,14.27994929,4.34259883,0.78486779,-22.98395341,9.39074848,-23.92739117
53.11,28.0997347,-8.57741904,-9.99828636,-68.22033998,-19.05780236,-31.14873888,13.93039874,4.15199469,0.79048096,-22.40383785,9.17515659,-23.85813281
53.115,28.93166663,-8.39556284,-9.86795524,-69.44308152,-17.82468735,-31.02231073,13.59983132,3.93464074,0.80308797,-21.85437845,8.98154318,-23.8099625
53.12,29.77845893,-8.22565176,-9.70445068,-70.63826113,-16.60184133,-30.93297114,13.26168392,3.73945088,0.75516184,-21.28942953,8.78212678,-23.71778253
53.125,30.61876284,-8.05978574,-9.58682736,-71.78417013,-15.26971542,-30.72555366,12.94341149,3.54053595,0.73286768,-20.74325555,8.59648625,-23.62391577
53.13,31.44599465,-7.89589376,-9.50164288,-72.87915103,-13.86715599,-30.43901542,12.63179243,3.338807,0.7209117,-20.20941622,8.42192225,-23.52707862
53.135,32.284592,-7.72885869,-9.4068876,-73.93303423,-12.42932293,-30.09706905,12.33037545,3.14045072,0.67103554,-19.6809596,8.25341996,-23.41890792
53.14,33.12205598,-7.56368715,-9.32386307,-74.93923017,-10.94079108,-29.67967009,12.03795099,2.94388363,0.61034159,-19.16237794,8.09260083,-23.30470711
53.145,33.95917753,-7.3987093,-9.25147076,-75.89577967,-9.41266231,-29.19120213,11.75472836,2.74890085,0.5382416,-18.65348994,7.94201775,-23.18624131
53.15,34.79362069,-7.23610503,-9.19092033,-76.8016109,-7.85381952,-28.63539132,11.47935496,2.55675188,0.45703169,-18.1538125,7.79982797,-23.06396675
53.155,35.63988838,-7.06778521,-9.11538725,-77.66032394,-6.29371972,-28.02869608,11.21318805,2.36974944,0.33325472,-17.65736442,7.66318216,-22.93599575
53.16,36.4525636,-6.91801675,-9.10019583,-78.45689348,-4.67731985,-27.32409655,10.94996151,2.18264526,0.26737569,-17.18273903,7.54082977,-22.81233935
53.165,37.27510646,-6.76304282,-9.07018389,-79.20415859,-3.08043886,-26.57817623,10.69518945,2.00131638,0.16203313,-16.71201961,7.4239861,-22.68571092
53.17,38.09105001,-6.61089203,-9.05020303,-79.89658379,-1.49159104,-25.77795891,10.44566023,1.82397603,0.0503253,-16.25083102,7.31357948,-22.55894494
53.175,38.89895566,-6.46113035,-9.04073168,-80.53337627,0.07905546,-24.92833828,10.20089123,1.65004739,-0.06617666,-15.79990668,7.2095401,-22.43344464
53.18,39.71361035,-6.30266564,-9.01673999,-81.11697775,1.60120562,-24.04877034,9.96477337,1.48132319,-0.21825354,-15.35508146,7.11020665,-22.30706356
53.185,40.50148888,-6.16099715,-9.03161233,-81.63957982,3.11130567,-23.11537077,9.7295772,1.31475088,-0.33820242,-14.92428188,7.01998865,-22.18392516
53.19,41.26185647,-6.02740848,-9.07483483,-82.10018342,4.58194053,-22.15898807,9.4942421,1.15048201,-0.43166938,-14.5137186,6.93774945,-22.07314926
53.195,42.04195968,-5.87771059,-9.0832454,-82.5121942,5.96703416,-21.19468169,9.27147681,0.99430549,-0.58364282,-14.10487359,6.86151359,-21.95693482
53.2,42.78808215,-5.74359519,-9.132369,-82.85970227,7.31173127,-20.20714641,9.04832304,0.83766391,-0.70049561,-13.71331864,6.79100296,-21.84683324
53.205,43.51031808,-5.61743356,-9.2011653,-83.1484672,8.59390067,-19.21976826,8.82497003,0.68416598,-0.80317723,-13.33731839,6.72477186,-21.74523878
53.21,44.23847148,-5.4782492,-9.25287381,-83.38304111,9.77340697,-18.24223443,8.61223757,0.53433065,-0.95336794,-12.96647198,6.66418037,-21.64313298
53.215,44.92370602,-5.35590776,-9.34311883,-83.55550751,10.91381222,-17.26114233,8.39698606,0.38535158,-1.04199134,-12.62191524,6.60908985,-21.5483633
53.22,45.6106112,-5.21784287,-9.41620788,-83.6747365,11.94223552,-16.30355093,8.19080578,0.23884433,-1.1733078,-12.28509402,6.55940764,-21.45524856
53.225,46.266346,-5.08645562,-9.51682588,-83.73233073,12.90375728,-15.36645701,7.98851511,0.08904166,-1.27421429,-11.96902793,6.50995593,-21.36383728
53.23,46.89541779,-4.97417026,-9.63471615,-83.7368242,13.80027802,-14.44075144,7.78619403,-0.05092332,-1.38226067,-11.66542549,6.47332994,-21.28275345
53.235,47.50555158,-4.85326871,-9.75645079,-83.68526793,14.60919886,-13.54703347,7.59083887,-0.19387731,-1.4824393,-11.38106298,6.43658585,-21.20218607
53.24,48.09406352,-4.72640403,-9.88583448,-83.57799323,15.33342104,-12.68708426,7.40309878,-0.33995269,-1.56891364,-11.11728112,6.39991809,-21.12115983
53.245,48.65490247,-4.60809842,-10.03080015,-83.4180786,15.99336383,-11.85815742,7.21892463,-0.48408209,-1.65824068,-10.86901474,6.37019339,-21.04527158
53.25,49.18808971,-4.49954105,-10.18408401,-83.21059614,16.59208238,-11.0563559,7.03627293,-0.62153095,-1.75412074,-10.63838844,6.35187696,-20.97638401
53.255,49.69964898,-4.3792614,-10.34261345,-82.9495406,17.11043913,-10.29941943,6.86432341,-0.76596388,-1.83165507,-10.4296215,6.32981561,-20.90508999
53.26,50.18401449,-4.27031502,-10.51171175,-82.6443879,17.57774718,-9.56368389,6.69650787,-0.90478167,-1.91529734,-10.23795729,6.31653256,-20.83702819
53.265,50.64415901,-4.15334136,-10.68402593,-82.28966635,17.9799411,-8.86961667,6.53875017,-1.04752303,-1.98170666,-10.06895104,6.30301426,-20.76786973
53.27,51.0797048,-4.03827932,-10.8646243,-81.89308059,18.3263227,-8.21566746,6.38756826,-1.19033402,-2.04914885,-9.9178332,6.29252511,-20.70096186
53.275,51.4881882,-3.93356664,-11.04743695,-81.46208073,18.63650637,-7.5738284,6.23826485,-1.324442,-2.13248182,-9.78188854,6.29490119,-20.63716488
53.28,51.87374655,-3.82194069,-11.23309985,-80.98877441,18.89436078,-6.97432721,6.10032536,-1.46233266,-2.20141429,-9.66778081,6.29657133,-20.57276105
53.285,52.23586332,-3.71016486,-11.4188699,-80.48053322,19.11202848,-6.40236279,5.96987069,-1.59772828,-2.26763786,-9.57188535,6.30135518,-20.50742685
53.29,52.57535051,-3.59782958,-11.60476027,-79.94035799,19.29407931,-5.85795462,5.84728543,-1.73145488,-2.3329015,-9.49398642,6.31096352,-20.44323924
53.295,52.89415064,-3.487181,-11.79605561,-79.37000571,19.44090588,-5.35110912,5.73442414,-1.86490681,-2.39288223,-9.43002843,6.32162943,-20.38175587
53.3,53.19013667,-3.3706273,-11.96887574,-78.77648205,19.56375826,-4.84316018,5.62467991,-1.99025881,-2.46396928,-9.38794126,6.34151413,-20.31620501
53.305,53.4704205,-3.25005663,-12.14758096,-78.15398122,19.64789374,-4.39765907,5.53232284,-2.12025807,-2.51875495,-9.36412159,6.35311446,-20.2599722
53.31,53.72664295,-3.13828246,-12.31424708,-77.52186054,19.72995836,-3.91827137,5.43055234,-2.23493225,-2.59410938,-9.3396291,6.38628064,-20.19390616
53.315,53.97042836,-3.01563658,-12.47873882,-76.86654557,19.77438974,-3.50154028,5.35065088,-2.35531715,-2.65525691,-9.34298275,6.40635889,-20.13823202
53.32,54.20020729,-2.89014668,-12.63188886,-76.19957389,19.78622533,-3.10820201,5.27879956,-2.4705231,-2.72717328,-9.35981786,6.424418,-20.09017893
53.325,54.40076652,-2.77617465,-12.770098,-75.53100447,19.83667253,-2.64619797,5.18578555,-2.56756408,-2.80154927,-9.3648316,6.47916893,-20.01424137
53.33,54.60184437,-2.64630497,-12.90420287,-74.84744743,19.81857315,-2.2898035,5.12579678,-2.67334086,-2.86892493,-9.40051991,6.49982266,-19.96850926
53.335,54.77475004,-2.52509482,-13.01779064,-74.16972334,19.82518137,-1.86427288,5.04654078,-2.7613707,-2.95331808,-9.43358791,6.5541959,-19.89459939
53.34,54.96066762,-2.38674238,-13.11771334,-73.48611877,19.72445777,-1.58870344,4.99448086,-2.85012043,-3.04353049,-9.47240852,6.56391458,-19.88646103
53.345,55.10150914,-2.2673209,-13.22098994,-72.80670767,19.76485617,-1.14052116,4.92760716,-2.93432177,-3.09882833,-9.52657793,6.62437372,-19.79799442
53.35,55.24985688,-2.13241548,-13.29601141,-72.13442448,19.6921912,-0.80993195,4.86965602,-3.01068572,-3.17999745,-9.57920619,6.65709421,-19.75386012
53.355,55.3715744,-2.00654426,-13.35578057,-71.47683364,19.65647906,-0.42499416,4.79678881,-3.07390207,-3.27441826,-9.63548963,6.71927829,-19.67760125
53.36,55.5087993,-1.87227324,-13.40174113,-70.8265707,19.51709229,-0.17198132,4.75058037,-3.13375568,-3.36006721,-9.69596439,6.73446728,-19.67413145
53.365,55.60337545,-1.74611832,-13.44199444,-70.19143254,19.50038715,0.23074802,4.68012179,-3.19117011,-3.44245907,-9.76291275,6.7972629,-19.58358164
53.37,55.70819221,-1.61571449,-13.46826764,-69.57015085,19.38748286,0.52123294,4.62269808,-3.24333955,-3.51836364,-9.81969142,6.82862172,-19.54304698
53.375,55.80758328,-1.4918908,-13.47639642,-68.97381478,19.23723505,0.7758689,4.56666974,-3.28196308,-3.60828031,-9.88140387,6.85430215,-19.53115497
53.38,55.8633865,-1.36904661,-13.47461068,-68.39507284,19.18561187,1.14970786,4.48110888,-3.31968128,-3.70211309,-9.94663101,6.92081595,-19.42252258
53.385,55.93772595,-1.24823738,-13.46788185,-67.83462809,19.0337469,1.39606573,4.42138285,-3.35443929,-3.77277,-10.0065807,6.94451999,-19.38766922
53.39,55.9801,-1.13261824,-13.44404094,-67.30279417,18.9145191,1.6870043,4.33500253,-3.37940123,-3.87095928,-10.06676228,6.99774668,-19.30539018
53.395,56.02568731,-1.02257731,-13.42042062,-66.79175071,18.75651196,1.92137884,4.26734347,-3.40382251,-3.95009892,-10.13518091,7.02374515,-19.25796088
53.4,56.07144056,-0.92744842,-13.3863562,-66.31130852,18.56385936,2.11357595,4.20347521,-3.41421957,-4.01599361,-10.19529428,7.0358315,-19.24373918
53.405,56.06604567,-0.82040281,-13.34932838,-65.84895458,18.43520876,2.37286573,4.0987219,-3.436733,-4.11310756,-10.25292345,7.08979605,-19.12299088
53.41,56.08966039,-0.74166092,-13.3114251,-65.42009262,18.22913043,2.53355274,4.03534142,-3.44044075,-4.16907298,-10.31843659,7.09322821,-19.10515897
53.415,56.09409982,-0.66287565,-13.2750919,-65.01315955,18.03284168,2.69866038,3.96426527,-3.44918401,-4.23142608,-10.38233631,7.09867338,-19.06574118
53.42,56.08001279,-0.59087869,-13.23801541,-64.63244854,17.83982244,2.85067094,3.88513876,-3.45545361,-4.29355289,-10.44678216,7.10693734,-19.0100948
53.425,55.99318625,-0.50411779,-13.20505171,-64.26736541,17.66948918,2.98482386,3.74350236,-3.47858916,-4.39167087,-10.50728955,7.18293597,-18.81052326
53.43,55.9706803,-0.46174551,-13.1719824,-63.94318458,17.46489731,3.09059611,3.67980399,-3.47144539,-4.43588294,-10.57730187,7.17059163,-18.77835121
53.435,55.88054333,-0.39929504,-13.15563904,-63.62688081,17.25558853,3.13946823,3.56509205,-3.49241409,-4.50360979,-10.64661232,7.21246073,-18.62351788
53.44,55.83084334,-0.37343434,-13.1343233,-63.35069536,17.05891026,3.21716962,3.50031922,-3.48451129,-4.54372595,-10.72192468,7.18993338,-18.5807442
53.445,55.71615907,-0.33248957,-13.14725071,-63.07523223,16.84361319,3.19951361,3.39494263,-3.51115188,-4.57922365,-10.79814173,7.20690563,-18.43600117
53.45,55.60910912,-0.3122067,-13.15331385,-62.83543411,16.64477973,3.18887566,3.30535671,-3.51805122,-4.62945849,-10.88386079,7.21409433,-18.31407975
53.455,55.51464297,-0.30723844,-13.16061596,-62.62353163,16.46163276,3.20362025,3.23108995,-3.51206466,-4.66480605,-10.96066734,7.18630507,-18.24224912
53.46,55.36194293,-0.29228715,-13.2008023,-62.40629268,16.26746488,3.0910981,3.13445942,-3.53963484,-4.6763405,-11.05132166,7.19319608,-18.08853813
53.465,55.23890405,-0.30645296,-13.23178309,-62.23192855,16.09591253,3.05900558,3.06100388,-3.53434793,-4.71744347,-11.13594997,7.1540141,-17.99255814
53.47,55.05456861,-0.29415294,-13.29299907,-62.05227044,15.92156002,2.87031131,2.95557651,-3.5675637,-4.75671315,-11.23945929,7.19405749,-17.79349501
53.475,54.88888472,-0.31822477,-13.37054301,-61.8970997,15.78755983,2.73700697,2.88133876,-3.58337974,-4.75777145,-11.33876535,7.15757248,-17.67377617
53.48,54.71138432,-0.34140434,-13.45135343,-61.75638879,15.65484634,2.5714321,2.80109873,-3.59857754,-4.77028284,-11.43515814,7.12224405,-17.54092884
53.485,54.54269838,-0.37513585,-13.52236202,-61.63522845,15.55978059,2.44477018,2.73388401,-3.59801584,-4.77695257,-11.53005128,7.030841,-17.41851706
53.49,54.32500701,-0.39296815,-13.63894176,-61.50857047,15.43967022,2.17360691,2.64277658,-3.63423505,-4.78312004,-11.63652865,7.03290618,-17.27072387
53.495,54.14249072,-0.43648025,-13.72788356,-61.41270562,15.41192061,2.00839803,2.57715982,-3.63194545,-4.78626975,-11.72832138,6.91409745,-17.13948867
53.5,53.92984079,-0.47709991,-13.84704852,-61.31600813,15.37447219,1.76451793,2.4995466,-3.64778865,-4.77635288,-11.82500788,6.82785379,-17.00730184
53.505,53.71445984,-0.51546058,-13.96602027,-61.22891855,15.35680828,1.51135049,2.42079655,-3.66147309,-4.7752211,-11.91728625,6.73204439,-16.87677753
53.51,53.4637266,-0.53663764,-14.10162644,-61.13835514,15.28115852,1.17350066,2.31243796,-3.6941902,-4.78566063,-12.00462231,6.68305567,-16.73302435
53.515,53.23801285,-0.57576409,-14.22159717,-61.0691242,15.30559977,0.90368238,2.22027951,-3.70134965,-4.78904788,-12.07576732,6.55056901,-16.59915411
53.52,53.03566499,-0.61729224,-14.32169802,-61.00738873,15.41123564,0.68138848,2.15169465,-3.69475083,-4.79117934,-12.14405766,6.37513836,-16.47994168
53.525,52.77193491,-0.65262,-14.4609052,-60.93953336,15.41275257,0.33175883,2.02773723,-3.71213363,-4.78546499,-12.19919461,6.21924149,-16.36381872
53.53,52.53123687,-0.68255313,-14.56645558,-60.87890371,15.4964253,0.03248335,1.91892119,-3.71236038,-4.79946146,-12.2478843,6.01512195,-16.24793534
53.535,52.2924844,-0.71204457,-14.66612122,-60.82311968,15.6052424,-0.2553135,1.80629684,-3.70932987,-4.81001423,-12.28036313,5.78115364,-16.13780133
53.54,52.08821337,-0.74083723,-14.74578763,-60.77166668,15.79070485,-0.48113029,1.72262377,-3.69331327,-4.82289647,-12.30661182,5.52594158,-16.01641272
53.545,51.80752882,-0.76397966,-14.83493492,-60.71285858,15.86747062,-0.82351815,1.5562185,-3.68840586,-4.84524861,-12.30336007,5.21455422,-15.92846207
53.55,51.56614833,-0.78060283,-14.89413667,-60.65628236,16.03058125,-1.09043865,1.42125249,-3.6705725,-4.88306944,-12.291598,4.87680981,-15.82152074
53.555,51.35599707,-0.7912964,-14.93897969,-60.59388951,16.25587657,-1.31475164,1.32064389,-3.65468662,-4.90789483,-12.27764204,4.53382353,-15.68461239
53.56,51.05650611,-0.78658715,-14.97052,-60.52604197,16.38181641,-1.62781307,1.10363769,-3.63542819,-4.97069214,-12.21071172,4.08556085,-15.62578802
53.565,50.80276877,-0.78403311,-14.98200467,-60.45329034,16.57836419,-1.86444127,0.93983369,-3.61073375,-5.03398487,-12.15046566,3.62743462,-15.51360786
53.57,50.54703608,-0.77380205,-14.97381681,-60.37239128,16.77748835,-2.08936169,0.76966592,-3.58412972,-5.10727946,-12.07439068,3.12774138,-15.38569363
53.575,50.28547836,-0.7579672,-14.95071893,-60.2827202,16.97788731,-2.30025859,0.59173135,-3.55753794,-5.1973738,-11.98416091,2.58289084,-15.24445039
53.58,50.03541723,-0.74341186,-14.90590453,-60.18446263,17.16428267,-2.47953308,0.42600445,-3.52412639,-5.29336656,-11.88423155,1.99629068,-15.0566247
53.585,49.75235416,-0.70736126,-14.84778161,-60.06706406,17.37311914,-2.67378204,0.22744532,-3.50114376,-5.41664137,-11.76536769,1.36076199,-14.89143125
53.59,49.47157838,-0.66913159,-14.77198288,-59.93304653,17.56813452,-2.83958072,0.04159626,-3.47866764,-5.54571428,-11.64464283,0.68538308,-14.68553914
53.595,49.17495066,-0.61593095,-14.67631244,-59.7809252,17.76699857,-2.99883713,-0.15199241,-3.46191375,-5.68953388,-11.51837888,-0.04298954,-14.45711827
53.6,48.87290077,-0.56291421,-14.57110548,-59.61051466,17.94988463,-3.1381498,-0.33795849,-3.4474564,-5.84636121,-11.38838434,-0.81125135,-14.19178633
53.605,48.57133106,-0.51083364,-14.45441296,-59.42320928,18.11283391,-3.25701345,-0.51058102,-3.43328758,-6.01285951,-11.25472303,-1.62073328,-13.88459253
53.61,48.23453144,-0.44002617,-14.32521067,-59.20570705,18.28453986,-3.37785832,-0.69107315,-3.43481853,-6.19840154,-11.13483929,-2.47520749,-13.56018366
53.615,47.89697428,-0.37268318,-14.18928897,-58.96829549,18.43360022,-3.47884848,-0.8531243,-3.43805263,-6.38897757,-11.01559607,-3.36724529,-13.19158842
53.62,47.56134411,-0.31138178,-14.04708887,-58.71002181,18.54639197,-3.55355911,-0.98126749,-3.44432211,-6.57853384,-10.91890167,-4.29790981,-12.78128108
53.625,47.185265,-0.23506392,-13.90072367,-58.41919923,18.67186856,-3.63735182,-1.11976289,-3.46610836,-6.78792326,-10.83224155,-5.26412171,-12.3513531
53.63,46.7971304,-0.16018027,-13.75381723,-58.10288456,18.77210505,-3.70479677,-1.23756391,-3.49661988,-6.9943546,-10.76283857,-6.26019142,-11.88688457
53.635,46.36980579,-0.07681521,-13.61699136,-57.75117355,18.88536184,-3.78219854,-1.3485579,-3.54837219,-7.20871737,-10.72367568,-7.27767252,-11.39416818
53.64,45.95711536,-0.01122437,-13.47426535,-57.38302393,18.94454266,-3.82463548,-1.40591133,-3.59349131,-7.41604292,-10.71983224,-8.32708542,-10.87948946
53.645,45.4984304,0.06615674,-13.34329836,-56.97559462,19.015132,-3.87976409,-1.46377181,-3.66192965,-7.61574005,-10.74129152,-9.39245923,-10.34284718
53.65,45.02935393,0.13428062,-13.21991624,-56.54293407,19.05676507,-3.91798992,-1.48306245,-3.73694199,-7.80836908,-10.80643145,-10.47266886,-9.7953952
53.655,44.54094269,0.19724415,-13.10522995,-56.08274749,19.08123961,-3.94868807,-1.47286801,-3.82035262,-7.9892051,-10.91346765,-11.56604684,-9.24598255
53.66,44.03171796,0.2549245,-13.00360292,-55.59396369,19.09024665,-3.9723403,-1.43153306,-3.91401353,-8.1549046,-11.0675463,-12.66463301,-8.7016803
53.665,43.56460879,0.29163389,-12.92815872,-55.08273051,19.09712481,-3.97207518,-1.2854159,-4.01525802,-8.27167323,-11.2888195,-13.7556576,-8.17641217
53.67,42.95514715,0.34877812,-12.83581693,-54.53609616,19.05777513,-3.99738171,-1.25105782,-4.12330529,-8.43916398,-11.52695841,-14.86157911,-7.66931904
53.675,42.41460094,0.39138792,-12.77121405,-53.9641741,19.03136703,-3.98874812,-1.08135424,-4.24152375,-8.52640717,-11.84026641,-15.94191294,-7.17792196
53.68,41.86704419,0.41145196,-12.74289438,-53.37669629,18.99710205,-3.97375234,-0.86093775,-4.36407559,-8.60809604,-12.22563108,-17.00116746,-6.71801267
53.685,41.15318601,0.45689781,-12.71498416,-52.74053713,18.91392211,-3.98992275,-0.76618105,-4.50354357,-8.67402241,-12.63100788,-18.07017563,-6.36108167
53.69,40.52130853,0.48287125,-12.69718974,-52.09612392,18.83870451,-3.965019,-0.53944411,-4.63484182,-8.70979663,-13.11330444,-19.09313479,-6.01488336
53.695,39.8570946,0.49898636,-12.71006336,-51.42774602,18.74971272,-3.93839211,-0.29236446,-4.77129552,-8.71678688,-13.65931057,-20.09086428,-5.74437514
53.7,39.16372056,0.51688832,-12.7318201,-50.73393706,18.64913414,-3.90280716,-0.02965966,-4.90764648,-8.67325509,-14.25950925,-21.05869998,-5.55891806
53.705,38.4597477,0.52901309,-12.76680424,-50.02297029,18.5365142,-3.85444929,0.2625979,-5.03980249,-8.61587883,-14.91936135,-21.98782363,-5.44005395
53.71,37.75119613,0.53919228,-12.80886313,-49.29639518,18.41034792,-3.7955429,0.58611643,-5.16752411,-8.55239205,-15.63732452,-22.8704179,-5.36026027
53.715,36.9969074,0.54335337,-12.87629895,-48.54497855,18.27688848,-3.72735262,0.90469513,-5.28769757,-8.41144564,-16.40671869,-23.72189124,-5.4484013
53.72,36.241379,0.54638152,-12.94639161,-47.78115736,18.13194296,-3.64542172,1.24956522,-5.39827559,-8.26968667,-17.22938229,-24.52214003,-5.57954326
53.725,35.47053919,0.54670837,-13.02534676,-47.0036455,17.97697106,-3.55073192,1.60541349,-5.49697812,-8.10577613,-18.10045708,-25.27650195,-5.80090655
53.73,34.68739307,0.54675537,-13.10728157,-46.21185127,17.81258457,-3.44225214,1.9694901,-5.58056685,-7.91974328,-19.01547577,-25.98304128,-6.10684119
53.735,33.89757684,0.54939456,-13.1999886,-45.40533491,17.62984891,-3.32256316,2.3479731,-5.65878636,-7.73682871,-19.97578885,-26.63632807,-6.45386581
53.74,33.09235199,0.55971126,-13.27903815,-44.57992815,17.43700283,-3.18208063,2.72207634,-5.71787893,-7.51566167,-20.96477961,-27.24521669,-6.91054874
53.745,32.28209936,0.53450628,-13.36371749,-43.76982162,17.26409207,-3.03104894,3.09124417,-5.7267581,-7.28134958,-21.98908769,-27.81106989,-7.49630331
53.75,31.46812979,0.53480435,-13.44433275,-42.93136282,17.05405826,-2.86115612,3.46912624,-5.74276154,-7.0589346,-23.04197711,-28.3142206,-8.08962176
53.755,30.6476555,0.51176108,-13.5059606,-42.09857376,16.86210154,-2.67332238,3.82987128,-5.70901071,-6.81848471,-24.10613858,-28.80228478,-8.80266642
53.76,29.83102993,0.49467901,-13.56349241,-41.25427357,16.64865807,-2.46832813,4.19333288,-5.66396148,-6.59482952,-25.1926883,-29.22606339,-9.53930795
53.765,29.01520974,0.4692566,-13.61915618,-40.40892091,16.42758345,-2.25388916,4.55180349,-5.59535351,-6.38406736,-26.29751439,-29.59784149,-10.32224193
53.77,28.20790069,0.46935232,-13.64221111,-39.54084013,16.17395866,-2.01684778,4.91016753,-5.52399353,-6.19604218,-27.41152171,-29.85942996,-11.11564546
53.775,27.4019116,0.3998696,-13.66843376,-38.70720473,15.96871723,-1.76449919,5.24122948,-5.36971788,-5.99880497,-28.51277051,-30.2223688,-12.02472078
53.78,26.6103549,0.34715158,-13.67864559,-37.86193657,15.73267455,-1.49995574,5.57829771,-5.21719218,-5.83797858,-29.62849615,-30.46452411,-12.91834123
53.785,25.8334654,0.28386197,-13.66624444,-37.01664651,15.49197249,-1.21681925,5.90837766,-5.03479368,-5.6993763,-30.73532294,-30.66687479,-13.8342475
53.79,25.07506079,0.20671315,-13.63752504,-36.17936249,15.24739807,-0.91800545,6.23558978,-4.82633818,-5.59066904,-31.83786499,-30.8264286,-14.76117794
53.795,24.62341842,0.31851303,-13.78104545,-35.31628013,14.90188402,-0.83795761,8.02373396,-5.17923257,-6.17281229,-34.96296394,-30.31248677,-14.80435859
53.8,23.97099417,0.26684948,-13.75261166,-34.48950994,14.62445268,-0.57628519,8.5970165,-5.02926553,-6.18234642,-36.35979106,-30.29228726,-15.59291525
53.805,23.34756211,0.20222091,-13.71733537,-33.67291237,14.35450898,-0.28886328,9.18579705,-4.8613722,-6.20828304,-37.7533947,-30.24566378,-16.38573531
53.81,22.75177947,0.13921142,-13.66403668,-32.86886469,14.08766328,0.0001116,9.78559283,-4.69778699,-6.28830225,-39.15044855,-30.11951515,-17.12010523
53.815,22.19603913,0.05422327,-13.59803552,-32.07583776,13.8161295,0.30787538,10.40705342,-4.50346941,-6.36591907,-40.5262295,-29.99193029,-17.86447588
53.82,21.69077805,-0.06765259,-13.54155544,-31.30856649,13.54435203,0.62746778,11.0566866,-4.27419674,-6.45044329,-41.88014651,-29.87360701,-18.60393631
53.825,21.21455602,-0.18664702,-13.46448446,-30.55592583,13.27438097,0.95013552,11.7141269,-4.05334475,-6.58535118,-43.22184154,-29.68170919,-19.27821905
53.83,20.77806473,-0.31323618,-13.37651919,-29.82148463,13.01114549,1.27914488,12.39131397,-3.82825089,-6.74081705,-44.54464701,-29.44547185,-19.91606288
53.835,20.38486574,-0.45500075,-13.28464808,-29.11269254,12.75381694,1.61313459,13.0872466,-3.59611841,-6.92221441,-45.84353907,-29.18110819,-20.51497703
53.84,20.03126366,-0.60829484,-13.18687271,-28.42666144,12.50081287,1.9513924,13.79860179,-3.35926463,-7.12364085,-47.11309453,-28.88542341,-21.07245436
53.845,19.83046158,-1.29535429,-13.0693846,-27.82416586,12.29175093,2.41391178,14.64982589,-2.33567879,-6.90571513,-48.25197073,-29.01460382,-22.08203032
53.85,19.53713587,-1.48970885,-12.95485766,-27.1766364,12.04367356,2.75979959,15.44823477,-2.06740624,-7.1441676,-49.533328,-28.74066576,-22.57022964
53.855,20.83290354,-2.4010666,-13.86487253,-26.62298753,12.57783088,4.46563695,18.08687653,-1.3575712,-6.91424587,-50.81800868,-28.58524248,-22.89009713
53.86,19.88903648,-3.11317391,-13.47302739,-25.87192657,12.38013442,5.09526203,18.29863991,-0.56216245,-7.3446532,-52.02397469,-28.63164194,-22.49560533
53.865,19.37662946,-3.31580733,-13.53028531,-25.15869184,12.14945689,5.52104384,18.91353631,-0.28684565,-7.45211824,-53.17851223,-28.3587339,-22.70609219
53.87,15.18109558,2.20799941,-5.07353619,-18.20981764,5.2896987,-7.65892251,18.60906935,-3.85971257,-8.352669,-54.57548428,-27.71625738,-21.80579269
53.875,14.59362191,1.97585178,-5.02522853,-17.39730301,4.95439257,-7.40510116,19.17011127,-3.59627394,-8.41369645,-55.62689352,-27.46486711,-21.96797148
53.88,14.07669222,1.76884895,-4.97888701,-16.62719962,4.6403489,-7.16876519,19.78070678,-3.35530303,-8.44254529,-56.6655199,-27.15301243,-22.08859775
53.885,13.56274033,1.53856568,-4.95971266,-15.87919421,4.33497142,-6.93519789,20.3391781,-3.10917727,-8.51227387,-57.61543587,-26.88740671,-22.19119011
53.89,13.16542552,1.34526537,-4.95926053,-15.182286,4.08384258,-6.70728188,20.99506625,-2.89533744,-8.52760831,-58.56305309,-26.52261732,-22.15595384
53.895,12.7009586,1.1199399,-4.94733817,-14.51924761,3.79680393,-6.477961,21.50160319,-2.66114317,-8.59775205,-59.3972048,-26.28606462,-22.23235669
53.9,12.28531535,0.92134395,-4.95447725,-13.89626217,3.53718857,-6.25096386,22.01632732,-2.45669537,-8.64937999,-60.19198117,-26.00767286,-22.26347024
53.905,11.98858707,0.7487574,-4.99857947,-13.32866359,3.3627919,-6.01064575,22.61445923,-2.2767341,-8.65113674,-60.96642304,-25.63582002,-22.09520705
53.91,11.6603122,0.57293485,-5.02420816,-12.8019938,3.16438655,-5.79076997,23.10022606,-2.10049395,-8.68827862,-61.64792389,-25.35689226,-22.04384267
53.915,11.3180132,0.40157409,-5.04189267,-12.31275196,2.94674674,-5.60472505,23.50029677,-1.93311335,-8.7416996,-62.2486291,-25.15118761,-22.06813974
53.92,11.0790441,0.2683864,-5.10162081,-11.87745652,2.819471,-5.39419267,23.96355898,-1.79973251,-8.74062604,-62.83011751,-24.83299036,-21.90189576
53.925,10.83801823,0.1349049,-5.13612902,-11.49038419,2.67574121,-5.21314343,24.34023729,-1.6697591,-8.76374764,-63.32807479,-24.59908514,-21.82762932
53.93,10.59235386,0.01001245,-5.16206985,-11.14018286,2.51913863,-5.07401634,24.63595562,-1.55391829,-8.80603078,-63.74759914,-24.44089532,-21.83040401
53.935,10.43298937,-0.07963786,-5.22074874,-10.84339694,2.44402244,-4.91238301,24.96999212,-1.466107,-8.79850951,-64.14366132,-24.19230893,-21.67227651
53.94,10.25360532,-0.17360865,-5.24202332,-10.58810437,2.32572929,-4.80371376,25.1938102,-1.37996685,-8.82959782,-64.45059895,-24.06685478,-21.6697513
53.945,10.12187684,-0.24475256,-5.2777536,-10.37749028,2.23782737,-4.69567921,25.40577839,-1.31353322,-8.83980836,-64.71564782,-23.91310501,-21.61608635
53.95,10.02091917,-0.30004406,-5.30953957,-10.20797778,2.18353586,-4.60462391,25.58609684,-1.26145428,-8.84238175,-64.9317692,-23.78293693,-21.54492615
